1 142 380.82 -152.982 172.558
1 143 368.735 -151.916 172.558
1 144 355.968 -150.285 172.558
1 145 343.028 -148.218 172.558
1 146 331.608 -146.659 172.558
1 147 321.1 -145.832 172.558
1 148 311.779 -146.01 172.558
1 149 301.267 -146.346 172.558
1 150 289.415 -146.511 172.558
1 151 276.667 -146.612 172.558
1 152 263.71 -146.959 172.558
1 153 251.411 -147.292 172.558
1 154 240.274 -145.975 172.558
1 155 230.393 -144.172 172.558
1 156 220.717 -141.524 172.558
1 157 210.362 -139.003 172.558
1 158 199.332 -136.18 172.558
1 159 187.861 -132.862 172.558
1 160 176.535 -129.001 172.558
1 161 166.011 -125.31 172.558
1 162 156.064 -122.511 172.558
1 163 145.897 -120.279 172.558
1 164 135.358 -118.352 172.558
1 165 124.539 -116.564 172.558
1 166 113.059 -114.645 172.558
1 167 101.027 -112.399 172.558
1 168 88.9105 -109.615 172.558
1 169 78.1946 -105.708 172.558
1 170 69.1499 -100.511 172.558
1 171 60.7114 -94.7714 172.558
1 172 52.0309 -89.7163 172.558
1 173 43.2287 -84.3652 172.558
1 174 34.0878 -78.5925 172.558
1 175 25.2322 -72.1265 172.558
1 176 16.7363 -65.4451 172.558
1 177 8.71517 -59.6832 172.558
1 178 1.17197 -54.6718 172.558
1 179 -6.75949 -49.7026 172.558
1 180 -14.9215 -44.4746 172.558
1 181 -23.7817 -38.7658 172.558
1 182 -33.0601 -32.1949 172.558
1 183 -42.6147 -24.6485 172.558
1 184 -50.678 -16.1168 172.558
1 185 -56.6436 -7.22767 172.558
1 186 -61.264 1.68995 172.558
1 187 -65.3337 10.3992 172.558
1 188 -69.2981 19.1466 172.558
1 189 -73.0766 28.0902 172.558
1 190 -76.4452 38.1185 172.558
1 191 -79.6308 48.4138 172.558
1 192 -83.5778 58.3911 172.558
1 193 -87.456 68.0201 172.558
1 194 -91.3001 77.0684 172.558
1 195 -95.3197 85.8006 172.558
1 196 -99.1463 94.9409 172.558
1 197 -103.268 104.946 172.558
1 198 -107.231 116.25 172.558
1 199 -110.632 127.454 172.558
1 200 -111.749 138.666 172.558
1 201 -111.942 149.235 172.558
1 202 -112.362 159.276 172.558
1 203 -112.458 168.834 172.558
1 204 -112.592 178.235 172.558
1 205 -111.846 188.583 172.558
1 206 -110.805 199.97 172.558
1 207 -110.62 211.892 172.558
1 208 -111.751 223.499 172.558
1 209 -113.421 234.173 172.558
1 210 -115.047 243.858 172.558
1 211 -116.76 253.599 172.558
1 212 -118.238 263.482 172.558
1 213 -119.668 274.876 172.558
1 214 -120.64 286.828 172.558
1 215 -120.249 298.727 172.558
1 216 -118.894 310.208 172.558
1 217 -117.627 320.67 172.558
1 218 -116.5 330.188 172.558
1 219 -115.329 339.331 172.558
1 220 -113.917 349.114 172.558
1 221 -112.089 360.464 172.558
1 222 -110.597 372.462 172.558
1 223 -110.033 385.082 172.558
1 224 -109.829 397.276 172.558
2 242 376.363 -158.251 179.425
2 243 365.514 -158.699 179.425
2 244 355.33 -158.5 179.425
2 245 344.845 -157.518 179.425
2 246 333.577 -156.248 179.425
2 247 321.434 -154.851 179.425
2 248 308.888 -153.208 179.425
2 249 296.538 -151.327 179.425
2 250 284.98 -149.486 179.425
2 251 274.049 -148.093 179.425
2 252 263.079 -147.198 179.425
2 253 251.733 -146.908 179.425
2 254 240.149 -146.766 179.425
2 255 228.097 -146.654 179.425
2 256 215.675 -146.392 179.425
2 257 203.543 -145.937 179.425
2 258 191.85 -145.176 179.425
2 259 180.685 -144.037 179.425
2 260 169.82 -142.295 179.425
2 261 159.082 -139.937 179.425
2 262 148.017 -137.296 179.425
2 263 136.9 -134.475 179.425
2 264 125.737 -131.291 179.425
2 265 114.703 -127.641 179.425
2 266 104.193 -124.023 179.425
2 267 93.8467 -120.282 179.425
2 268 83.2001 -117.039 179.425
2 269 73.1445 -114.237 179.425
2 270 62.9692 -111.414 179.425
2 271 53.0009 -108.541 179.425
2 272 42.8403 -105.106 179.425
2 273 33.0052 -101.251 179.425
2 274 23.9207 -96.6279 179.425
2 275 15.5472 -91.0199 179.425
2 276 7.74686 -84.9436 179.425
2 277 0.540356 -78.6535 179.425
2 278 -6.66965 -72.046 179.425
2 279 -13.3774 -64.6852 179.425
2 280 -19.7181 -56.6193 179.425
2 281 -25.4466 -47.8497 179.425
2 282 -30.9733 -39.2259 179.425
2 283 -36.8309 -30.5679 179.425
2 284 -42.3727 -21.9569 179.425
2 285 -47.7921 -13.208 179.425
2 286 -53.1362 -4.1501 179.425
2 287 -58.3897 4.952 179.425
2 288 -63.4664 14.7821 179.425
2 289 -67.7055 24.6138 179.425
2 290 -71.27 35.1259 179.425
2 291 -73.6077 45.6791 179.425
2 292 -75.324 56.0354 179.425
2 293 -76.9541 65.9421 179.425
2 294 -78.5019 76.1213 179.425
2 295 -79.6459 86.8819 179.425
2 296 -80.698 97.8359 179.425
2 297 -81.6558 108.948 179.425
2 298 -82.6871 120.291 179.425
2 299 -84.2354 131.343 179.425
2 300 -85.9014 141.803 179.425
2 301 -87.7949 151.618 179.425
2 302 -89.7478 161.512 179.425
2 303 -91.5714 171.701 179.425
2 304 -93.124 182.437 179.425
2 305 -94.0701 193.554 179.425
2 306 -94.5067 205.162 179.425
2 307 -94.5039 216.585 179.425
2 308 -93.8994 227.088 179.425
2 309 -93.4388 236.937 179.425
2 310 -92.5889 246.768 179.425
2 311 -91.4091 256.928 179.425
2 312 -89.8997 267.822 179.425
2 313 -88.2589 279.288 179.425
2 314 -86.6592 290.993 179.425
2 315 -85.6605 302.554 179.425
2 316 -85.4527 313.174 179.425
2 317 -85.6403 322.619 179.425
2 318 -85.8468 331.802 179.425
2 319 -86.0726 341.617 179.425
2 320 -86.1767 352.459 179.425
2 321 -86.0806 364.132 179.425
2 322 -85.2396 376.484 179.425
2 323 -83.3855 388.517 179.425
3 336 379.585 -155.244 163.441
3 337 364.66 -153.629 163.441
3 338 350.267 -152.481 163.441
3 339 337.52 -151.416 163.441
3 340 325.651 -150.065 163.441
3 341 313.727 -148.632 163.441
3 342 301.034 -146.989 163.441
3 343 287.531 -145.252 163.441
3 344 273.343 -143.671 163.441
3 345 259.236 -142.055 163.441
3 346 245.981 -140.025 163.441
3 347 233.158 -137.995 163.441
3 348 221.36 -134.886 163.441
3 349 209.095 -131.94 163.441
3 350 196.225 -129.019 163.441
3 351 183.774 -125.952 163.441
3 352 171.297 -122.227 163.441
3 353 159.319 -118.251 163.441
3 354 147.862 -114.135 163.441
3 355 136.277 -109.878 163.441
3 356 124.865 -105.766 163.441
3 357 113.217 -102.035 163.441
3 358 101.665 -98.436 163.441
3 359 89.9141 -94.9708 163.441
3 360 78.9588 -91.5789 163.441
3 361 67.9632 -87.7705 163.441
3 362 57.4847 -82.738 163.441
3 363 47.6002 -76.6675 163.441
3 364 37.8223 -70.1912 163.441
3 365 28.5387 -63.5395 163.441
3 366 19.8526 -56.9138 163.441
3 367 11.5368 -50.2289 163.441
3 368 3.2365 -43.0579 163.441
3 369 -4.63709 -35.6602 163.441
3 370 -12.7206 -27.9989 163.441
3 371 -20.7171 -20.424 163.441
3 372 -28.7518 -12.7663 163.441
3 373 -36.8346 -4.92716 163.441
3 374 -44.5512 3.05428 163.441
3 375 -51.5449 11.7635 163.441
3 376 -58.2938 20.9966 163.441
3 377 -64.0963 30.9338 163.441
3 378 -69.417 41.0439 163.441
3 379 -74.1611 51.1301 163.441
3 380 -78.2884 61.1838 163.441
3 381 -81.9417 71.5574 163.441
3 382 -85.0756 82.0567 163.441
3 383 -87.8271 92.9816 163.441
3 384 -90.2921 104.562 163.441
3 385 -92.7477 115.938 163.441
3 386 -95.2959 126.837 163.441
3 387 -97.7388 137.153 163.441
3 388 -100.232 147.597 163.441
3 389 -102.397 158.398 163.441
3 390 -103.594 170.003 163.441
3 391 -104.414 181.791 163.441
3 392 -104.655 193.852 163.441
3 393 -104.662 205.271 163.441
3 394 -104.798 215.944 163.441
3 395 -104.744 226.557 163.441
3 396 -104.298 237.198 163.441
3 397 -103.585 248.656 163.441
3 398 -102.611 260.527 163.441
3 399 -101.755 272.728 163.441
3 400 -101.292 284.536 163.441
3 401 -101.05 295.813 163.441
3 402 -100.995 306.712 163.441
3 403 -100.789 317.517 163.441
3 404 -100.112 328.816 163.441
3 405 -99.0707 341.104 163.441
3 406 -97.4872 354.202 163.441
3 407 -95.1764 367.026 163.441
3 408 -92.7301 378.267 163.441
3 409 -90.2178 388.598 163.441
3 410 -87.559 398.271 163.441
3 411 -84.871 408.025 163.441
4 422 367.424 -90.3685 182.577
4 423 354.133 -90.7071 182.577
4 424 339.441 -91.1099 182.577
4 425 324.578 -91.6899 182.577
4 426 310.867 -91.938 182.577
4 427 299.416 -91.2694 182.577
4 428 289.219 -89.2823 182.577
4 429 278.498 -86.9402 182.577
4 430 266.43 -84.8346 182.577
4 431 252.867 -83.1055 182.577
4 432 238.431 -81.3898 182.577
4 433 224.525 -80.2187 182.577
4 434 211.493 -78.7787 182.577
4 435 200 -77.6376 182.577
4 436 189.292 -76.9396 182.577
4 437 177.783 -76.8571 182.577
4 438 165.578 -77.1627 182.577
4 439 152.267 -77.637 182.577
4 440 139.007 -77.552 182.577
4 441 126.29 -76.7183 182.577
4 442 115.13 -74.5638 182.577
4 443 105.236 -70.6836 182.577
4 444 95.3794 -66.9316 182.577
4 445 84.9287 -63.4379 182.577
4 446 73.9933 -59.4919 182.577
4 447 62.7307 -55.4339 182.577
4 448 51.7733 -50.7285 182.577
4 449 41.2957 -45.8891 182.577
4 450 31.4637 -41.3375 182.577
4 451 22.1409 -37.1206 182.577
4 452 12.4044 -32.8516 182.577
4 453 2.33974 -28.6599 182.577
4 454 -7.80367 -23.7981 182.577
4 455 -18.4629 -18.8573 182.577
4 456 -28.4732 -12.7129 182.577
4 457 -36.8398 -5.55333 182.577
4 458 -43.4285 2.75552 182.577
4 459 -48.7088 11.1641 182.577
4 460 -53.6286 19.4844 182.577
4 461 -58.5709 28.015 182.577
4 462 -62.9695 37.358 182.577
4 463 -66.8221 47.5703 182.577
4 464 -70.3076 58.1669 182.577
4 465 -73.6722 67.7479 182.577
4 466 -77.1681 77.154 182.577
4 467 -80.7504 86.8681 182.577
4 468 -84.7498 96.4279 182.577
4 469 -89.1201 106.754 182.577
4 470 -93.3042 117.792 182.577
4 471 -97.3208 129.005 182.577
4 472 -100.324 140.393 182.577
4 473 -101.248 152.065 182.577
4 474 -101.047 163.727 182.577
4 475 -100.654 175.271 182.577
4 476 -99.9747 186.802 182.577
4 477 -98.9487 198.481 182.577
4 478 -97.6098 210.57 182.577
4 479 -96.4119 222.865 182.577
4 480 -95.4068 234.99 182.577
4 481 -94.4554 247.458 182.577
4 482 -95.6945 259.012 182.577
4 483 -95.7079 270.563 182.577
4 484 -95.9457 281.899 182.577
4 485 -96.2884 293.448 182.577
4 486 -96.4119 305.704 182.577
4 487 -95.8189 318.249 182.577
4 488 -93.7537 330.94 182.577
4 489 -90.8898 343.261 182.577
4 490 -88.0022 354.786 182.577
4 491 -82.7183 362.453 182.577
4 492 -79.9594 372.782 182.577
4 493 -77.1481 383.238 182.577
4 494 -74.3167 395.469 182.577
5 509 387.698 -132.772 158.825
5 510 377.508 -133.017 158.825
5 511 367.681 -132.635 158.825
5 512 358.451 -131.19 158.825
5 513 348.675 -129.187 158.825
5 514 337.626 -127.196 158.825
5 515 325.741 -125.449 158.825
5 516 313.8 -123.544 158.825
5 517 302.56 -121.245 158.825
5 518 291.934 -119.083 158.825
5 519 281.933 -117.171 158.825
5 520 271.802 -115.851 158.825
5 521 260.716 -115.575 158.825
5 522 249.374 -115.258 158.825
5 523 237.597 -114.808 158.825
5 524 225.933 -114.561 158.825
5 525 214.883 -114.492 158.825
5 526 204.385 -114.028 158.825
5 527 194.321 -112.027 158.825
5 528 184.478 -108.852 158.825
5 529 174.149 -105.52 158.825
5 530 163.942 -102.364 158.825
5 531 153.388 -98.8378 158.825
5 532 143.614 -95.0621 158.825
5 533 134.213 -91.0102 158.825
5 534 124.519 -86.7824 158.825
5 535 114.235 -83.7159 158.825
5 536 103.45 -81.9137 158.825
5 537 93.3747 -80.8766 158.825
5 538 83.1033 -79.8245 158.825
5 539 73.0325 -78.5803 158.825
5 540 63.8554 -77.4015 158.825
5 541 54.9078 -76.0927 158.825
5 542 46.2792 -72.5226 158.825
5 543 38.638 -67.5516 158.825
5 544 31.382 -62.0616 158.825
5 545 24.3324 -56.9913 158.825
5 546 16.7288 -51.6666 158.825
5 547 9.31501 -45.6089 158.825
5 548 2.43229 -38.696 158.825
5 549 -3.55326 -31.1771 158.825
5 550 -9.78785 -24.0439 158.825
5 551 -16.2947 -17.5318 158.825
5 552 -23.0093 -11.5383 158.825
5 553 -29.6983 -5.12015 158.825
5 554 -36.294 1.42891 158.825
5 555 -42.7403 8.28109 158.825
5 556 -48.8883 15.0048 158.825
5 557 -53.6838 22.508 158.825
5 558 -57.1186 31.1759 158.825
5 559 -60.1031 40.3732 158.825
5 560 -63.164 49.0566 158.825
5 561 -66.1774 57.5005 158.825
5 562 -68.3638 66.3229 158.825
5 563 -69.8451 75.8874 158.825
5 564 -70.942 86.0548 158.825
5 565 -72.194 96.552 158.825
5 566 -74.218 107.582 158.825
5 567 -77.2951 118.437 158.825
5 568 -80.7198 128.546 158.825
5 569 -83.8625 138.433 158.825
5 570 -86.6671 148.296 158.825
5 571 -89.3341 158.236 158.825
5 572 -90.6605 168.532 158.825
5 573 -90.3096 179.694 158.825
5 574 -89.4749 190.599 158.825
5 575 -88.8325 200.226 158.825
5 576 -88.4773 209.223 158.825
5 577 -87.615 218.024 158.825
5 578 -85.7077 227.037 158.825
5 579 -83.3273 236.755 158.825
5 580 -81.6907 247.717 158.825
5 581 -81.0663 259.7 158.825
5 582 -81.2345 270.82 158.825
5 583 -81.3194 280.347 158.825
5 584 -81.2595 289.306 158.825
5 585 -81.1561 298.934 158.825
5 586 -80.9854 309.675 158.825
5 587 -80.6342 321.014 158.825
5 588 -79.1096 332.976 158.825
5 589 -76.2549 344.245 158.825
5 590 -73.3581 354.026 158.825
5 591 -70.9459 362.523 158.825
5 592 -68.1622 370.972 158.825
5 593 -64.6219 380.099 158.825
5 594 -60.643 389.961 158.825
5 595 -56.9716 401.004 158.825
6 602 365.973 -151.515 183.083
6 603 352.998 -152.626 183.083
6 604 340.824 -153.401 183.083
6 605 329.269 -153.849 183.083
6 606 318.276 -153.486 183.083
6 607 307.843 -152.477 183.083
6 608 297.31 -151.014 183.083
6 609 285.898 -149.393 183.083
6 610 273.85 -147.73 183.083
6 611 261.803 -145.965 183.083
6 612 250.274 -143.921 183.083
6 613 238.927 -141.739 183.083
6 614 227.389 -140.758 183.083
6 615 215.562 -140.793 183.083
6 616 203.536 -140.643 183.083
6 617 190.91 -140.039 183.083
6 618 178.483 -139.472 183.083
6 619 166.598 -138.428 183.083
6 620 155.069 -137.245 183.083
6 621 143.168 -135.101 183.083
6 622 131.9 -131.571 183.083
6 623 121.059 -127.365 183.083
6 624 110.269 -123.14 183.083
6 625 99.8572 -118.606 183.083
6 626 89.8869 -113.669 183.083
6 627 79.8354 -108.346 183.083
6 628 69.9739 -103.089 183.083
6 629 59.5656 -98.9261 183.083
6 630 49.2573 -95.1244 183.083
6 631 38.9439 -91.1021 183.083
6 632 28.2933 -86.8167 183.083
6 633 17.5555 -81.6095 183.083
6 634 7.28498 -75.6885 183.083
6 635 -2.32783 -69.1552 183.083
6 636 -10.7874 -61.8267 183.083
6 637 -17.8012 -53.768 183.083
6 638 -24.5294 -45.8437 183.083
6 639 -30.7089 -37.7174 183.083
6 640 -36.4709 -29.3621 183.083
6 641 -41.6862 -20.4047 183.083
6 642 -46.6232 -10.5912 183.083
6 643 -51.7366 -0.962035 183.083
6 644 -57.751 7.50811 183.083
6 645 -63.7856 15.8442 183.083
6 646 -69.6891 24.6085 183.083
6 647 -75.5187 33.7611 183.083
6 648 -80.9273 43.7539 183.083
6 649 -86.0954 54.6713 183.083
6 650 -90.4131 65.5513 183.083
6 651 -93.1911 76.4151 183.083
6 652 -94.5548 87.2015 183.083
6 653 -95.5606 97.792 183.083
6 654 -96.4277 108.121 183.083
6 655 -97.7285 118.711 183.083
6 656 -98.6107 129.797 183.083
6 657 -98.7367 141.738 183.083
6 658 -99.3227 153.286 183.083
6 659 -100.784 164.36 183.083
6 660 -102.653 174.684 183.083
6 661 -104.623 184.945 183.083
6 662 -106.47 195.317 183.083
6 663 -107.992 206.599 183.083
6 664 -108.998 218.521 183.083
6 665 -109.783 231.144 183.083
6 666 -109.287 243.755 183.083
6 667 -107.784 255.562 183.083
6 668 -106.887 270.634 183.083
6 669 -109.12 278.848 183.083
6 670 -108.193 288.459 183.083
6 671 -106.418 298.887 183.083
6 672 -104.209 310.44 183.083
6 673 -101.501 322.358 183.083
6 674 -100.055 333.702 183.083
6 675 -99.2097 344.178 183.083
6 676 -97.8705 353.746 183.083
6 677 -94.0305 361.528 183.083
6 678 -92.8674 371.089 183.083
6 679 -91.469 381.438 183.083
6 680 -89.9188 392.783 183.083
7 696 374.17 -132.611 184.037
7 697 361.813 -130.463 184.037
7 698 348.992 -128.236 184.037
7 699 336.222 -125.608 184.037
7 700 323.837 -122.449 184.037
7 701 312.158 -119.305 184.037
7 702 301.396 -116.784 184.037
7 703 291.046 -115.171 184.037
7 704 279.684 -114.425 184.037
7 705 267.138 -113.899 184.037
7 706 254.036 -113.526 184.037
7 707 240.864 -113.318 184.037
7 708 227.421 -113.317 184.037
7 709 215.248 -112.743 184.037
7 710 203.6 -110.128 184.037
7 711 193.032 -106.496 184.037
7 712 182.281 -102.978 184.037
7 713 172.235 -100.008 184.037
7 714 160.958 -96.2391 184.037
7 715 150.064 -92.4023 184.037
7 716 139.321 -87.6486 184.037
7 717 128.816 -82.7125 184.037
7 718 118.865 -79.2623 184.037
7 719 108.243 -76.2078 184.037
7 720 96.9638 -73.1005 184.037
7 721 86.1985 -71.7007 184.037
7 722 74.4156 -69.5344 184.037
7 723 62.1851 -67.1672 184.037
7 724 50.0849 -64.8032 184.037
7 725 38.8139 -61.4935 184.037
7 726 28.7874 -56.94 184.037
7 727 20.3025 -52.3669 184.037
7 728 12.2121 -47.5184 184.037
7 729 3.82598 -42.0181 184.037
7 730 -4.3596 -35.7249 184.037
7 731 -12.4823 -28.304 184.037
7 732 -20.2061 -19.4558 184.037
7 733 -28.404 -11.1217 184.037
7 734 -36.4857 -3.81598 184.037
7 735 -43.9661 2.31853 184.037
7 736 -51.1169 8.676 184.037
7 737 -58.1511 15.324 184.037
7 738 -65.3302 22.6498 184.037
7 739 -72.7221 30.6024 184.037
7 740 -79.8536 39.2927 184.037
7 741 -85.248 48.4285 184.037
7 742 -88.9815 58.054 184.037
7 743 -91.0836 67.6757 184.037
7 744 -92.6667 77.0738 184.037
7 745 -94.3201 86.7536 184.037
7 746 -95.4727 96.6303 184.037
7 747 -96 106.681 184.037
7 748 -96.3895 117.762 184.037
7 749 -97.0833 128.745 184.037
7 750 -98.5037 139.293 184.037
7 751 -100.105 149.023 184.037
7 752 -101.86 158.288 184.037
7 753 -103.457 167.838 184.037
7 754 -104.893 178.192 184.037
7 755 -106.413 189.652 184.037
7 756 -108.204 202.14 184.037
7 757 -108.69 214.367 184.037
7 758 -108.273 226.403 184.037
7 759 -106.767 237.485 184.037
7 760 -105.444 247.32 184.037
7 761 -103.855 256.799 184.037
7 762 -101.932 266.365 184.037
7 763 -99.4127 276.728 184.037
7 764 -96.4565 287.953 184.037
7 765 -93.9127 299.317 184.037
7 766 -92.4736 310.719 184.037
7 767 -91.7642 320.746 184.037
7 768 -90.8533 330.351 184.037
7 769 -89.4423 340.598 184.037
7 770 -88.2188 350.815 184.037
7 771 -87.195 361.662 184.037
7 772 -85.9355 373.726 184.037
7 773 -83.8411 385.59 184.037
8 791 371.753 -114.283 170.168
8 792 360.029 -112.237 170.168
8 793 349.147 -110.534 170.168
8 794 338.925 -110.302 170.168
8 795 327.876 -111.123 170.168
8 796 316.011 -112.138 170.168
8 797 303.479 -113.376 170.168
8 798 290.646 -114.793 170.168
8 799 278.843 -115.761 170.168
8 800 267.572 -115.909 170.168
8 801 256.859 -114.87 170.168
8 802 246.663 -112.541 170.168
8 803 236.572 -109.419 170.168
8 804 226.125 -106.487 170.168
8 805 214.716 -103.813 170.168
8 806 203.226 -101.294 170.168
8 807 191.911 -98.7862 170.168
8 808 181.01 -96.6071 170.168
8 809 170.397 -95.1775 170.168
8 810 159.862 -94.5813 170.168
8 811 148.781 -94.4493 170.168
8 812 137.306 -94.3708 170.168
8 813 125.419 -94.2132 170.168
8 814 113.732 -93.6326 170.168
8 815 102.815 -92.6977 170.168
8 816 92.3047 -90.0291 170.168
8 817 83.1379 -86.3209 170.168
8 818 74.278 -81.9407 170.168
8 819 65.2934 -77.5264 170.168
8 820 55.828 -73.2953 170.168
8 821 46.5078 -69.0198 170.168
8 822 37.3766 -64.0264 170.168
8 823 29.2405 -58.562 170.168
8 824 22.6512 -52.7206 170.168
8 825 15.4838 -46.8914 170.168
8 826 8.19174 -41.9242 170.168
8 827 0.0805175 -37.3374 170.168
8 828 -8.18674 -32.9028 170.168
8 829 -16.7802 -28.0622 170.168
8 830 -25.0749 -23.0717 170.168
8 831 -32.782 -17.1045 170.168
8 832 -39.4353 -10.0006 170.168
8 833 -44.145 -1.53742 170.168
8 834 -47.5591 7.4175 170.168
8 835 -50.7136 16.3331 170.168
8 836 -53.768 25.0483 170.168
8 837 -56.7912 33.9539 170.168
8 838 -59.4901 42.7108 170.168
8 839 -61.5857 52.0438 170.168
8 840 -63.2654 62.0192 170.168
8 841 -65.3405 72.0532 170.168
8 842 -68.1663 81.8476 170.168
8 843 -71.2923 91.3083 170.168
8 844 -74.5269 100.275 170.168
8 845 -77.888 109.763 170.168
8 846 -80.9488 119.678 170.168
8 847 -82.7371 130.333 170.168
8 848 -82.6772 141.67 170.168
8 849 -80.9077 153.203 170.168
8 850 -78.4277 164.077 170.168
8 851 -76.069 174.151 170.168
8 852 -74.0612 183.842 170.168
8 853 -72.0945 193.255 170.168
8 854 -70.1277 203.026 170.168
8 855 -67.7915 212.741 170.168
8 856 -65.1384 223.474 170.168
8 857 -63.1216 235.135 170.168
8 858 -62.4602 246.573 170.168
8 859 -62.8313 256.742 170.168
8 860 -63.711 265.871 170.168
8 861 -64.5748 275.176 170.168
8 862 -65.1913 285.224 170.168
8 863 -65.0897 295.992 170.168
8 864 -64.4442 307.487 170.168
8 865 -61.4236 320.091 170.168
8 866 -57.803 331.173 170.168
8 867 -54.3123 340.33 170.168
8 868 -51.014 348.319 170.168
8 869 -47.3146 356.03 170.168
8 870 -43.7106 364.553 170.168
8 871 -40.1205 373.714 170.168
8 872 -36.0073 383.748 170.168
8 873 -31.8357 394.676 170.168
8 874 -28.1819 405.37 170.168
9 870 388.694 -118.883 162.801
9 871 377.315 -119.387 162.801
9 872 366.969 -119.634 162.801
9 873 356.831 -119.308 162.801
9 874 346.968 -118.141 162.801
9 875 337.07 -116.658 162.801
9 876 326.667 -115.347 162.801
9 877 315.607 -114.067 162.801
9 878 304.378 -112.415 162.801
9 879 293.365 -110.415 162.801
9 880 283.1 -108.546 162.801
9 881 272.528 -106.802 162.801
9 882 261.828 -105.571 162.801
9 883 251.317 -104.645 162.801
9 884 240.522 -103.664 162.801
9 885 228.933 -103.092 162.801
9 886 217.033 -102.889 162.801
9 887 205.938 -102.846 162.801
9 888 194.968 -102.417 162.801
9 889 184.684 -100.945 162.801
9 890 175.077 -98.971 162.801
9 891 165.712 -96.9929 162.801
9 892 155.32 -95.3946 162.801
9 893 144.984 -93.4689 162.801
9 894 134.471 -90.6583 162.801
9 895 124.436 -87.273 162.801
9 896 114.566 -83.7772 162.801
9 897 105.051 -80.6566 162.801
9 898 95.8969 -78.3572 162.801
9 899 87.0445 -76.1229 162.801
9 900 77.7838 -73.7226 162.801
9 901 68.4698 -71.4143 162.801
9 902 58.9729 -69.1465 162.801
9 903 49.7864 -66.8084 162.801
9 904 40.873 -64.0913 162.801
9 905 32.4566 -60.1579 162.801
9 906 24.6916 -55.5021 162.801
9 907 17.2561 -50.5232 162.801
9 908 10.1543 -45.3349 162.801
9 909 2.93266 -39.5885 162.801
9 910 -3.37064 -32.8522 162.801
9 911 -9.30598 -25.672 162.801
9 912 -15.0007 -18.2942 162.801
9 913 -20.5081 -10.6998 162.801
9 914 -25.8242 -3.37633 162.801
9 915 -30.6845 3.78207 162.801
9 916 -35.4546 11.192 162.801
9 917 -40.1704 18.6725 162.801
9 918 -45.1845 26.3236 162.801
9 919 -50.3312 34.0627 162.801
9 920 -55.1817 42.3543 162.801
9 921 -59.0946 51.0849 162.801
9 922 -61.7888 60.0314 162.801
9 923 -63.6686 68.7082 162.801
9 924 -65.3918 77.4125 162.801
9 925 -66.809 85.9394 162.801
9 926 -67.533 95.1346 162.801
9 927 -67.1855 104.567 162.801
9 928 -66.4882 114.572 162.801
9 929 -65.927 124.65 162.801
9 930 -65.7915 134.492 162.801
9 931 -66.0998 144.501 162.801
9 932 -66.5407 153.911 162.801
9 933 -67.2713 162.886 162.801
9 934 -67.8683 171.817 162.801
9 935 -68.9029 181.179 162.801
9 936 -69.7331 191.219 162.801
9 937 -70.2856 201.279 162.801
9 938 -69.9212 211.455 162.801
9 939 -68.944 221.485 162.801
9 940 -68.064 230.674 162.801
9 941 -67.2726 239.274 162.801
9 942 -66.4737 247.778 162.801
9 943 -64.6033 256.749 162.801
9 944 -62.2956 266.544 162.801
9 945 -60.1574 276.742 162.801
9 946 -58.5577 286.858 162.801
9 947 -57.5478 296.699 162.801
9 948 -56.7715 305.894 162.801
9 949 -56.0464 314.368 162.801
9 950 -55.5496 322.649 162.801
9 951 -55.2643 331.614 162.801
9 952 -54.9193 341.501 162.801
9 953 -54.2176 352.034 162.801
9 954 -52.7008 362.431 162.801
9 955 -50.5637 372.35 162.801
9 956 -48.0723 381.457 162.801
9 957 -45.5426 389.629 162.801
9 958 -42.9001 397.261 162.801
9 959 -39.6744 404.762 162.801
10 971 382.391 -143.737 162.131
10 972 372.802 -143.247 162.131
10 973 363.613 -143.246 162.131
10 974 353.954 -143.435 162.131
10 975 343.09 -143.499 162.131
10 976 331.367 -143.436 162.131
10 977 320.005 -143.331 162.131
10 978 309.83 -143.059 162.131
10 979 300.509 -143.246 162.131
10 980 291.27 -143.47 162.131
10 981 281.399 -143.015 162.131
10 982 270.649 -142.29 162.131
10 983 259.383 -141.424 162.131
10 984 247.687 -140.756 162.131
10 985 236.415 -139.764 162.131
10 986 226.311 -138.817 162.131
10 987 216.208 -137.724 162.131
10 988 206.187 -136.69 162.131
10 989 196.06 -135.577 162.131
10 990 185.622 -134.808 162.131
10 991 175.088 -133.841 162.131
10 992 164.428 -133.135 162.131
10 993 154.47 -132.161 162.131
10 994 145.166 -131.052 162.131
10 995 135.987 -129.832 162.131
10 996 126.86 -127.774 162.131
10 997 117.478 -125.651 162.131
10 998 107.952 -123.058 162.131
10 999 98.294 -120.123 162.131
10 1000 89.4829 -117.025 162.131
10 1001 80.9653 -113.543 162.131
10 1002 72.805 -109.173 162.131
10 1003 64.6871 -104.796 162.131
10 1004 56.9775 -100.669 162.131
10 1005 49.1858 -96.7214 162.131
10 1006 41.6089 -92.7059 162.131
10 1007 33.6704 -88.5754 162.131
10 1008 25.4221 -83.835 162.131
10 1009 17.6473 -77.8646 162.131
10 1010 9.82692 -71.6845 162.131
10 1011 2.38428 -64.5226 162.131
10 1012 -4.03455 -57.0917 162.131
10 1013 -9.99315 -49.6233 162.131
10 1014 -15.4958 -42.4931 162.131
10 1015 -20.7578 -35.6915 162.131
10 1016 -25.9691 -28.6873 162.131
10 1017 -30.7256 -21.5446 162.131
10 1018 -35.448 -13.9717 162.131
10 1019 -40.0574 -5.66002 162.131
10 1020 -44.9951 2.4148 162.131
10 1021 -49.939 10.0345 162.131
10 1022 -54.6917 17.4785 162.131
10 1023 -59.2188 25.4382 162.131
10 1024 -63.5617 34.0121 162.131
10 1025 -67.6136 43.0291 162.131
10 1026 -71.682 52.1036 162.131
10 1027 -75.5627 61.8785 162.131
10 1028 -78.4914 71.5627 162.131
10 1029 -80.5812 80.5443 162.131
10 1030 -82.3715 89.1122 162.131
10 1031 -84.568 97.2531 162.131
10 1032 -86.8342 105.601 162.131
10 1033 -89.0929 114.47 162.131
10 1034 -91.1415 124.547 162.131
10 1035 -93.3551 134.432 162.131
10 1036 -95.832 143.686 162.131
10 1037 -98.8247 152.428 162.131
10 1038 -101.537 160.773 162.131
10 1039 -104.46 169.182 162.131
10 1040 -107.634 178.259 162.131
10 1041 -110.821 187.668 162.131
10 1042 -113.949 197.93 162.131
10 1043 -116.191 207.989 162.131
10 1044 -117.509 218.101 162.131
10 1045 -118.116 227.568 162.131
10 1046 -118.431 236.327 162.131
10 1047 -119.05 244.618 162.131
10 1048 -119.99 253.111 162.131
10 1049 -120.961 262.65 162.131
10 1050 -121.438 273.22 162.131
10 1051 -121.933 284.058 162.131
10 1052 -122.938 293.814 162.131
10 1053 -124.12 302.532 162.131
10 1054 -125.299 310.698 162.131
10 1055 -126.451 319.297 162.131
10 1056 -127.307 328.818 162.131
10 1057 -127.936 339.209 162.131
10 1058 -128.305 350.408 162.131
10 1059 -127.824 361.864 162.131
10 1060 -126.683 372.221 162.131
10 1061 -125.437 380.942 162.131
10 1062 -124.117 388.745 162.131
10 1063 -122.614 396.55 162.131
10 1064 -120.541 405.277 162.131
11 1073 378.882 -147.987 176.634
11 1074 370.678 -147.664 176.634
11 1075 363.132 -148.135 176.634
11 1076 355.596 -149.125 176.634
11 1077 347.3 -150.518 176.634
11 1078 337.795 -152.147 176.634
11 1079 327.412 -153.817 176.634
11 1080 317.207 -155.306 176.634
11 1081 307.349 -156.603 176.634
11 1082 298.092 -156.585 176.634
11 1083 289.523 -156.342 176.634
11 1084 280.837 -155.455 176.634
11 1085 271.48 -153.883 176.634
11 1086 261.656 -152.778 176.634
11 1087 251.501 -151.613 176.634
11 1088 241.531 -150.158 176.634
11 1089 231.948 -148.728 176.634
11 1090 222.767 -147.386 176.634
11 1091 214.635 -146.478 176.634
11 1092 206.862 -146.311 176.634
11 1093 198.28 -146.102 176.634
11 1094 189.424 -146.169 176.634
11 1095 179.951 -145.642 176.634
11 1096 170.12 -144.086 176.634
11 1097 160.392 -142.239 176.634
11 1098 151.142 -139.969 176.634
11 1099 142.367 -137.634 176.634
11 1100 134.039 -134.62 176.634
11 1101 125.903 -131.358 176.634
11 1102 117.913 -127.507 176.634
11 1103 109.913 -123.663 176.634
11 1104 102.099 -119.149 176.634
11 1105 94.4994 -114.391 176.634
11 1106 87.1175 -109.156 176.634
11 1107 79.9833 -104.593 176.634
11 1108 72.4881 -100.722 176.634
11 1109 64.7662 -97.3368 176.634
11 1110 57.0761 -94.0155 176.634
11 1111 49.6223 -90.4987 176.634
11 1112 42.5245 -86.8236 176.634
11 1113 35.5375 -82.7059 176.634
11 1114 28.5263 -77.6002 176.634
11 1115 21.9943 -71.8832 176.634
11 1116 16.0349 -65.6868 176.634
11 1117 10.6367 -58.8185 176.634
11 1118 5.45271 -51.7354 176.634
11 1119 0.37239 -44.5232 176.634
11 1120 -4.28206 -37.1189 176.634
11 1121 -9.42806 -29.2989 176.634
11 1122 -14.5142 -21.1872 176.634
11 1123 -19.0503 -12.5964 176.634
11 1124 -23.0653 -4.15215 176.634
11 1125 -27.7832 3.45353 176.634
11 1126 -32.5403 9.92264 176.634
11 1127 -37.2084 15.8697 176.634
11 1128 -41.5565 22.5304 176.634
11 1129 -45.714 29.7129 176.634
11 1130 -49.5322 38.104 176.634
11 1131 -52.434 47.2933 176.634
11 1132 -54.7804 56.9596 176.634
11 1133 -56.4134 66.5569 176.634
11 1134 -57.3558 75.9678 176.634
11 1135 -57.9731 84.9508 176.634
11 1136 -58.1882 93.6021 176.634
11 1137 -58.1016 101.861 176.634
11 1138 -57.3935 110.14 176.634
11 1139 -56.1894 119.232 176.634
11 1140 -54.395 128.566 176.634
11 1141 -52.7542 137.065 176.634
11 1142 -52.2494 145.401 176.634
11 1143 -52.5939 153.758 176.634
11 1144 -53.6938 162.49 176.634
11 1145 -55.2148 171.443 176.634
11 1146 -56.8579 180.713 176.634
11 1147 -58.1856 190.368 176.634
11 1148 -58.5671 200.587 176.634
11 1149 -58.7898 209.985 176.634
11 1150 -58.395 219.615 176.634
11 1151 -58.0215 228.729 176.634
11 1152 -58.0432 236.77 176.634
11 1153 -57.2415 245.124 176.634
11 1154 -56.1782 253.757 176.634
11 1155 -54.8923 263.166 176.634
11 1156 -53.5006 273.486 176.634
11 1157 -52.4744 283.44 176.634
11 1158 -51.9932 293.207 176.634
11 1159 -52.3091 302.689 176.634
11 1160 -53.2307 311.348 176.634
11 1161 -54.1996 319.828 176.634
11 1162 -55.1783 328.401 176.634
11 1163 -56.3776 337.131 176.634
11 1164 -57.6828 346.036 176.634
11 1165 -58.5653 355.226 176.634
11 1166 -58.7734 364.551 176.634
11 1167 -58.5164 373.73 176.634
11 1168 -58.1179 382.072 176.634
11 1169 -57.6686 389.439 176.634
11 1170 -56.8308 396.319 176.634
11 1171 -56.8337 386.375 176.634
11 1172 -54.8059 394.928 176.634
12 1180 380.156 -131.408 171.813
12 1181 371.062 -131.417 171.813
12 1182 362.352 -132.356 171.813
12 1183 352.656 -133.139 171.813
12 1184 341.684 -133.966 171.813
12 1185 330.051 -135.215 171.813
12 1186 318.593 -136.375 171.813
12 1187 308.286 -136.543 171.813
12 1188 299.01 -135.661 171.813
12 1189 289.901 -134.018 171.813
12 1190 281.026 -131.662 171.813
12 1191 271.728 -129.364 171.813
12 1192 261.449 -127.081 171.813
12 1193 250.61 -124.685 171.813
12 1194 239.652 -121.798 171.813
12 1195 228.57 -118.558 171.813
12 1196 217.427 -116.088 171.813
12 1197 206.754 -115.383 171.813
12 1198 196.301 -115.01 171.813
12 1199 185.08 -115.012 171.813
12 1200 173.274 -115.016 171.813
12 1201 161.442 -115.153 171.813
12 1202 150.441 -114.617 171.813
12 1203 140.511 -113.096 171.813
12 1204 131.232 -109.762 171.813
12 1205 122.693 -105.776 171.813
12 1206 114.13 -101.752 171.813
12 1207 105.062 -97.7215 171.813
12 1208 95.4408 -93.2016 171.813
12 1209 85.7857 -87.8926 171.813
12 1210 75.9469 -81.6146 171.813
12 1211 66.231 -75.7627 171.813
12 1212 56.432 -71.2961 171.813
12 1213 47.197 -68.1171 171.813
12 1214 38.01 -64.5953 171.813
12 1215 28.3863 -60.8135 171.813
12 1216 18.5771 -57.0066 171.813
12 1217 9.14934 -52.1481 171.813
12 1218 0.894631 -46.1632 171.813
12 1219 -5.34832 -38.9497 171.813
12 1220 -10.3089 -31.2845 171.813
12 1221 -14.6155 -23.5741 171.813
12 1222 -18.7915 -15.8237 171.813
12 1223 -22.7427 -7.34958 171.813
12 1224 -26.4089 1.79726 171.813
12 1225 -29.9245 11.9114 171.813
12 1226 -33.9125 21.845 171.813
12 1227 -38.5049 30.7458 171.813
12 1228 -43.436 39.298 171.813
12 1229 -48.3656 48.2368 171.813
12 1230 -53.8292 57.413 171.813
12 1231 -59.4541 67.0898 171.813
12 1232 -64.39 77.1437 171.813
12 1233 -67.7651 86.9969 171.813
12 1234 -69.2357 97.1057 171.813
12 1235 -69.4127 107.192 171.813
12 1236 -69.2853 116.537 171.813
12 1237 -69.1486 125.765 171.813
12 1238 -69.1921 135.61 171.813
12 1239 -68.5752 146.137 171.813
12 1240 -67.3149 157.584 171.813
12 1241 -66.5596 169.987 171.813
12 1242 -67.1858 181.692 171.813
12 1243 -68.4875 192.427 171.813
12 1244 -69.7041 202.709 171.813
12 1245 -71.0844 212.623 171.813
12 1246 -72.9353 222.978 171.813
12 1247 -74.3737 234.003 171.813
12 1248 -74.7854 244.839 171.813
12 1249 -73.5763 255.959 171.813
12 1250 -71.1666 266.741 171.813
12 1251 -68.7474 276.666 171.813
12 1252 -66.6141 286.137 171.813
12 1253 -64.2526 295.657 171.813
12 1254 -60.9838 305.556 171.813
12 1255 -56.7764 316.978 171.813
12 1256 -53.0157 329.287 171.813
12 1257 -51.0764 341.648 171.813
12 1258 -50.161 352.962 171.813
12 1259 -49.4374 363.084 171.813
12 1260 -48.9221 372.434 171.813
12 1261 -48.8107 381.847 171.813
12 1262 -48.2773 392.142 171.813
12 1263 -46.506 402.347 171.813
13 1274 369.761 -127.045 188.137
13 1275 358.768 -127.921 188.137
13 1276 346.391 -129.058 188.137
13 1277 333.722 -130.451 188.137
13 1278 321.619 -131.951 188.137
13 1279 310.812 -132.995 188.137
13 1280 301.133 -133.331 188.137
13 1281 292.049 -132.149 188.137
13 1282 282.637 -130.402 188.137
13 1283 272.526 -128.23 188.137
13 1284 260.998 -126.671 188.137
13 1285 248.98 -124.803 188.137
13 1286 237.382 -122.594 188.137
13 1287 226.223 -120.871 188.137
13 1288 215.728 -119.363 188.137
13 1289 205.973 -118.41 188.137
13 1290 195.952 -117.69 188.137
13 1291 185.639 -117.563 188.137
13 1292 174.456 -117.47 188.137
13 1293 162.54 -117.508 188.137
13 1294 150.354 -117.528 188.137
13 1295 138.216 -117.26 188.137
13 1296 127.101 -116.587 188.137
13 1297 116.444 -114.581 188.137
13 1298 106.995 -111.132 188.137
13 1299 97.9392 -107.31 188.137
13 1300 88.873 -103.091 188.137
13 1301 79.2246 -99.1631 188.137
13 1302 69.0284 -94.5841 188.137
13 1303 59.0746 -89.7329 188.137
13 1304 49.033 -85.1194 188.137
13 1305 39.7777 -80.5131 188.137
13 1306 30.5997 -75.7712 188.137
13 1307 21.7898 -71.1858 188.137
13 1308 12.5551 -66.3194 188.137
13 1309 2.87819 -61.2746 188.137
13 1310 -6.59206 -56.4073 188.137
13 1311 -16.37 -50.9884 188.137
13 1312 -25.3007 -45.133 188.137
13 1313 -32.7656 -39.2761 188.137
13 1314 -39.2101 -32.5806 188.137
13 1315 -44.1972 -25.3413 188.137
13 1316 -48.3392 -17.5259 188.137
13 1317 -52.4063 -9.95728 188.137
13 1318 -56.5985 -1.93009 188.137
13 1319 -60.7027 6.46453 188.137
13 1320 -64.1602 15.3543 188.137
13 1321 -67.4382 25.0722 188.137
13 1322 -70.3994 34.5129 188.137
13 1323 -74.0156 44.2549 188.137
13 1324 -77.6055 53.7813 188.137
13 1325 -81.609 63.3592 188.137
13 1326 -85.8556 73.2912 188.137
13 1327 -90.245 83.4429 188.137
13 1328 -94.5319 93.5548 188.137
13 1329 -98.0704 104.056 188.137
13 1330 -100.719 114.107 188.137
13 1331 -102.009 124.209 188.137
13 1332 -101.49 134.832 188.137
13 1333 -100.734 145.048 188.137
13 1334 -99.9417 155.039 188.137
13 1335 -99.1517 164.806 188.137
13 1336 -98.0679 175.34 188.137
13 1337 -96.956 186.472 188.137
13 1338 -95.601 198.404 188.137
13 1339 -94.7246 210.088 188.137
13 1340 -94.4707 221.867 188.137
13 1341 -94.5391 233.312 188.137
13 1342 -94.9422 244.139 188.137
13 1343 -96.9356 254.084 188.137
13 1344 -97.7845 263.959 188.137
13 1345 -98.6517 274.333 188.137
13 1346 -98.7217 285.881 188.137
13 1347 -98.0358 297.39 188.137
13 1348 -96.1505 309.13 188.137
13 1349 -93.2465 320.549 188.137
13 1350 -90.1097 331.348 188.137
13 1351 -87.1594 341.343 188.137
13 1352 -84.3318 350.926 188.137
13 1353 -81.2619 360.611 188.137
13 1354 -78.1246 371.096 188.137
13 1355 -73.9721 382.836 188.137
14 1375 375.355 -145.945 179.996
14 1376 363.985 -145.315 179.996
14 1377 353.234 -144.57 179.996
14 1378 343.344 -143.791 179.996
14 1379 333.814 -143.15 179.996
14 1380 324.918 -142.973 179.996
14 1381 316.001 -142.975 179.996
14 1382 306.482 -143.064 179.996
14 1383 295.995 -143.186 179.996
14 1384 284.979 -143.643 179.996
14 1385 273.905 -144.085 179.996
14 1386 263.556 -144.647 179.996
14 1387 253.957 -145.099 179.996
14 1388 244.649 -145.274 179.996
14 1389 235.653 -144.803 179.996
14 1390 226.414 -144.126 179.996
14 1391 216.328 -143.42 179.996
14 1392 206.143 -142.682 179.996
14 1393 195.473 -141.45 179.996
14 1394 184.971 -139.82 179.996
14 1395 174.892 -137.993 179.996
14 1396 165.194 -136.276 179.996
14 1397 155.869 -134.831 179.996
14 1398 146.33 -133.687 179.996
14 1399 137.165 -132.521 179.996
14 1400 127.608 -131 179.996
14 1401 117.654 -129.545 179.996
14 1402 107.462 -128.086 179.996
14 1403 97.3479 -126.707 179.996
14 1404 88.0362 -124.954 179.996
14 1405 78.6938 -122.48 179.996
14 1406 70.4609 -119.582 179.996
14 1407 62.4817 -116.359 179.996
14 1408 54.7417 -113.141 179.996
14 1409 46.5625 -109.623 179.996
14 1410 38.4075 -105.641 179.996
14 1411 30.1455 -100.996 179.996
14 1412 21.9432 -95.8073 179.996
14 1413 14.2611 -90.6689 179.996
14 1414 6.90472 -85.8154 179.996
14 1415 -0.37042 -81.3083 179.996
14 1416 -7.43892 -76.6533 179.996
14 1417 -14.5463 -71.6383 179.996
14 1418 -22.1273 -66.3863 179.996
14 1419 -29.7536 -60.7486 179.996
14 1420 -37.2365 -54.6184 179.996
14 1421 -44.2109 -47.8163 179.996
14 1422 -50.128 -41.2046 179.996
14 1423 -55.1877 -34.2801 179.996
14 1424 -59.7908 -27.306 179.996
14 1425 -64.188 -20.2655 179.996
14 1426 -68.3945 -12.8282 179.996
14 1427 -72.3271 -4.91711 179.996
14 1428 -75.9779 3.75146 179.996
14 1429 -79.1291 12.9911 179.996
14 1430 -82.2294 22.1375 179.996
14 1431 -85.4763 30.9459 179.996
14 1432 -88.4467 39.4382 179.996
14 1433 -91.7672 47.657 179.996
14 1434 -95.131 56.015 179.996
14 1435 -98.5756 64.3885 179.996
14 1436 -102.096 72.8954 179.996
14 1437 -105.413 82.0996 179.996
14 1438 -108.404 91.6424 179.996
14 1439 -110.772 101.128 179.996
14 1440 -112.224 110.766 179.996
14 1441 -113.315 119.877 179.996
14 1442 -114.274 128.772 179.996
14 1443 -115.277 137.537 179.996
14 1444 -115.75 146.189 179.996
14 1445 -115.887 155.477 179.996
14 1446 -115.608 165.444 179.996
14 1447 -115.378 175.438 179.996
14 1448 -115.57 185.238 179.996
14 1449 -115.82 195.029 179.996
14 1450 -116.143 204.326 179.996
14 1451 -116.658 213.323 179.996
14 1452 -117.253 222.107 179.996
14 1453 -117.929 231.151 179.996
14 1454 -118.496 240.69 179.996
14 1455 -118.826 250.932 179.996
14 1456 -119.054 261.214 179.996
14 1457 -118.646 271.373 179.996
14 1458 -118.111 280.782 179.996
14 1459 -117.552 289.242 179.996
14 1460 -116.901 297.248 179.996
14 1461 -115.996 305.202 179.996
14 1462 -114.72 313.5 179.996
14 1463 -113.042 323.014 179.996
14 1464 -111.271 333.104 179.996
14 1465 -109.885 343.072 179.996
14 1466 -108.613 352.964 179.996
14 1467 -107.381 362.145 179.996
14 1468 -106.315 370.733 179.996
14 1469 -105.307 378.676 179.996
14 1470 -104.441 386.685 179.996
14 1471 -103.272 395.277 179.996
15 1478 380.96 -135.685 167.795
15 1479 369.147 -136.483 167.795
15 1480 357.555 -137.285 167.795
15 1481 346.996 -137.789 167.795
15 1482 336.536 -137.721 167.795
15 1483 326.713 -137.021 167.795
15 1484 316.307 -135.877 167.795
15 1485 306.438 -134.71 167.795
15 1486 295.111 -132.944 167.795
15 1487 283.986 -130.907 167.795
15 1488 273.334 -128.665 167.795
15 1489 263.269 -126.286 167.795
15 1490 252.5 -123.314 167.795
15 1491 242.466 -122.39 167.795
15 1492 231.583 -121.187 167.795
15 1493 220.833 -120.498 167.795
15 1494 210.277 -120.378 167.795
15 1495 199.299 -120.513 167.795
15 1496 188.36 -120.505 167.795
15 1497 177.469 -119.935 167.795
15 1498 167.056 -118.308 167.795
15 1499 156.658 -115.74 167.795
15 1500 146.501 -112.909 167.795
15 1501 136.752 -110.073 167.795
15 1502 126.746 -107.379 167.795
15 1503 116.292 -104.461 167.795
15 1504 106.397 -100.932 167.795
15 1505 96.7342 -96.5453 167.795
15 1506 87.1054 -92.111 167.795
15 1507 78.0548 -88.7197 167.795
15 1508 68.6731 -85.9642 167.795
15 1509 59.3222 -83.1657 167.795
15 1510 49.7312 -80.2515 167.795
15 1511 39.7714 -76.9108 167.795
15 1512 30.0887 -73.4504 167.795
15 1513 20.7569 -69.7024 167.795
15 1514 12.2141 -65.2437 167.795
15 1515 4.77018 -60.0426 167.795
15 1516 -2.03794 -54.6662 167.795
15 1517 -8.95758 -49.4302 167.795
15 1518 -15.5493 -44.2366 167.795
15 1519 -22.1864 -38.6253 167.795
15 1520 -28.3829 -32.3361 167.795
15 1521 -34.1356 -25.4098 167.795
15 1522 -39.9946 -17.6907 167.795
15 1523 -45.4939 -10.6853 167.795
15 1524 -50.7527 -3.90306 167.795
15 1525 -55.8072 2.71561 167.795
15 1526 -60.7717 9.70116 167.795
15 1527 -65.7943 16.9925 167.795
15 1528 -70.7396 24.435 167.795
15 1529 -75.3424 32.7936 167.795
15 1530 -79.352 41.5436 167.795
15 1531 -82.3259 50.089 167.795
15 1532 -84.8153 58.592 167.795
15 1533 -86.6625 67.1225 167.795
15 1534 -88.0238 75.6944 167.795
15 1535 -88.4611 84.6343 167.795
15 1536 -88.3263 93.7852 167.795
15 1537 -87.5844 103.434 167.795
15 1538 -86.6987 113.266 167.795
15 1539 -86.6841 122.806 167.795
15 1540 -87.0377 131.605 167.795
15 1541 -87.3701 140.045 167.795
15 1542 -87.8615 148.909 167.795
15 1543 -88.3139 157.633 167.795
15 1544 -88.473 166.698 167.795
15 1545 -88.2752 176.573 167.795
15 1546 -87.4997 186.582 167.795
15 1547 -86.1378 196.503 167.795
15 1548 -84.3673 205.848 167.795
15 1549 -82.5915 214.648 167.795
15 1550 -80.3305 222.944 167.795
15 1551 -77.7582 231.403 167.795
15 1552 -74.5501 240.033 167.795
15 1553 -71.1155 249.577 167.795
15 1554 -67.2099 260.015 167.795
15 1555 -64.0982 270.551 167.795
15 1556 -62.1667 280.251 167.795
15 1557 -60.9175 289.325 167.795
15 1558 -59.8935 298.08 167.795
15 1559 -59.1244 307.15 167.795
15 1560 -58.6454 316.8 167.795
15 1561 -58.155 327.403 167.795
15 1562 -57.2509 338.937 167.795
15 1563 -55.079 349.9 167.795
15 1564 -52.4845 359.499 167.795
15 1565 -50.1373 368.094 167.795
15 1566 -47.9425 376.348 167.795
15 1567 -45.4877 384.741 167.795
15 1568 -42.6792 393.69 167.795
15 1569 -39.2813 403.665 167.795
16 1576 379.325 -134.449 175.045
16 1577 369.896 -133.752 175.045
16 1578 360.757 -132.19 175.045
16 1579 351.346 -129.918 175.045
16 1580 341.06 -127.527 175.045
16 1581 329.939 -125.265 175.045
16 1582 318.674 -122.921 175.045
16 1583 307.776 -120.392 175.045
16 1584 298.052 -118.019 175.045
16 1585 289.143 -115.671 175.045
16 1586 280.243 -114.539 175.045
16 1587 270.934 -114.09 175.045
16 1588 260.55 -114.178 175.045
16 1589 249.182 -114.238 175.045
16 1590 238.041 -114.359 175.045
16 1591 227.527 -114.238 175.045
16 1592 218.16 -113.468 175.045
16 1593 209.344 -111.669 175.045
16 1594 200.726 -108.604 175.045
16 1595 192.429 -105.218 175.045
16 1596 183.762 -102.117 175.045
16 1597 174.584 -99.1317 175.045
16 1598 164.965 -96.1666 175.045
16 1599 155.651 -92.8665 175.045
16 1600 146.258 -89.797 175.045
16 1601 136.796 -87.1997 175.045
16 1602 126.921 -85.2614 175.045
16 1603 116.754 -84.1339 175.045
16 1604 106.168 -83.0503 175.045
16 1605 94.9093 -82.0233 175.045
16 1606 83.9378 -80.5952 175.045
16 1607 73.3271 -78.7674 175.045
16 1608 63.9582 -76.3062 175.045
16 1609 54.979 -72.1158 175.045
16 1610 46.7725 -67.1211 175.045
16 1611 38.9384 -62.145 175.045
16 1612 31.1159 -57.2793 175.045
16 1613 23.4751 -52.1961 175.045
16 1614 16.0666 -46.1836 175.045
16 1615 9.81655 -39.1385 175.045
16 1616 3.47902 -31.9255 175.045
16 1617 -2.35739 -24.7511 175.045
16 1618 -8.48888 -18.5783 175.045
16 1619 -15.0479 -12.6295 175.045
16 1620 -22.1622 -6.43839 175.045
16 1621 -29.3638 -0.319799 175.045
16 1622 -36.6977 6.25491 175.045
16 1623 -43.147 12.3911 175.045
16 1624 -48.8973 18.8134 175.045
16 1625 -53.5915 26.6456 175.045
16 1626 -57.3515 35.2079 175.045
16 1627 -60.8672 43.1934 175.045
16 1628 -64.4158 51.2724 175.045
16 1629 -67.5303 59.6816 175.045
16 1630 -69.6686 68.2727 175.045
16 1631 -70.8579 77.7493 175.045
16 1632 -72.0108 87.2619 175.045
16 1633 -73.4871 96.9884 175.045
16 1634 -75.8163 106.322 175.045
16 1635 -78.5201 115.252 175.045
16 1636 -81.2987 124.271 175.045
16 1637 -83.8904 133.348 175.045
16 1638 -85.9604 142.306 175.045
16 1639 -87.5577 151.246 175.045
16 1640 -88.423 160.468 175.045
16 1641 -87.7992 170.63 175.045
16 1642 -86.3043 180.415 175.045
16 1643 -84.888 189.477 175.045
16 1644 -83.8515 197.966 175.045
16 1645 -81.9799 206.424 175.045
16 1646 -79.5385 215.383 175.045
16 1647 -76.4473 225.151 175.045
16 1648 -73.2102 235.474 175.045
16 1649 -70.9454 246.439 175.045
16 1650 -69.8412 256.904 175.045
16 1651 -69.5731 266.628 175.045
16 1652 -69.8919 275.576 175.045
16 1653 -69.3801 285.134 175.045
16 1654 -69.6088 294.504 175.045
16 1655 -69.373 304.123 175.045
16 1656 -68.6771 313.53 175.045
16 1657 -66.7551 323.606 175.045
16 1658 -64.3292 333.388 175.045
16 1659 -62.0725 342.13 175.045
16 1660 -60.1095 350.186 175.045
16 1661 -58.0186 358.291 175.045
16 1662 -55.4147 367.325 175.045
16 1663 -52.2244 377.329 175.045
16 1664 -49.0001 387.726 175.045
16 1665 -46.2685 399.221 175.045
17 1677 388.425 -136.507 160.147
17 1678 377.576 -135.401 160.147
17 1679 367.54 -133.839 160.147
17 1680 357.826 -131.982 160.147
17 1681 348.131 -130.562 160.147
17 1682 338.548 -129.977 160.147
17 1683 328.97 -130.191 160.147
17 1684 319.06 -130.41 160.147
17 1685 308.627 -130.542 160.147
17 1686 298.115 -130.961 160.147
17 1687 287.697 -131.511 160.147
17 1688 277.563 -131.832 160.147
17 1689 267.07 -132.5 160.147
17 1690 256.83 -132.785 160.147
17 1691 246.706 -132.396 160.147
17 1692 236.929 -131.361 160.147
17 1693 226.849 -130.593 160.147
17 1694 216.632 -129.205 160.147
17 1695 206.813 -127.482 160.147
17 1696 197.154 -125.618 160.147
17 1697 187.217 -123.715 160.147
17 1698 177.473 -122.413 160.147
17 1699 167.899 -121.871 160.147
17 1700 158.292 -121.616 160.147
17 1701 148.6 -121.301 160.147
17 1702 138.806 -121.21 160.147
17 1703 128.981 -120.986 160.147
17 1704 119.389 -120.396 160.147
17 1705 109.296 -119.805 160.147
17 1706 99.2956 -118.792 160.147
17 1707 90.0629 -117.544 160.147
17 1708 81.2452 -115.795 160.147
17 1709 73.0108 -114.152 160.147
17 1710 64.6259 -112.104 160.147
17 1711 56.5999 -109.861 160.147
17 1712 48.82 -107.039 160.147
17 1713 40.6853 -103.383 160.147
17 1714 32.4218 -99.5707 160.147
17 1715 24.2477 -96.4357 160.147
17 1716 16.1784 -93.512 160.147
17 1717 8.42171 -90.7118 160.147
17 1718 0.517251 -87.7135 160.147
17 1719 -7.48755 -84.3503 160.147
17 1720 -15.2465 -80.3465 160.147
17 1721 -22.9228 -76.3109 160.147
17 1722 -30.5857 -71.8638 160.147
17 1723 -37.6113 -66.7313 160.147
17 1724 -44.4184 -61.172 160.147
17 1725 -50.8126 -55.5233 160.147
17 1726 -56.9264 -49.8422 160.147
17 1727 -62.4533 -43.5906 160.147
17 1728 -67.4307 -36.937 160.147
17 1729 -72.0199 -29.5949 160.147
17 1730 -76.5404 -21.9125 160.147
17 1731 -81.2432 -13.7156 160.147
17 1732 -86.5504 -5.68448 160.147
17 1733 -92.0147 2.36539 160.147
17 1734 -96.8769 10.4631 160.147
17 1735 -101.813 18.6204 160.147
17 1736 -106.836 26.9315 160.147
17 1737 -111.792 35.9579 160.147
17 1738 -116.897 45.268 160.147
17 1739 -121.545 54.8014 160.147
17 1740 -125.137 64.3913 160.147
17 1741 -127.735 73.7073 160.147
17 1742 -129.65 82.6802 160.147
17 1743 -131.428 91.9332 160.147
17 1744 -132.633 101.31 160.147
17 1745 -133.064 111.268 160.147
17 1746 -132.984 121.712 160.147
17 1747 -132.755 132.655 160.147
17 1748 -133.364 143.804 160.147
17 1749 -134.549 154.481 160.147
17 1750 -135.153 164.239 160.147
17 1751 -135.499 173.566 160.147
17 1752 -136.23 183.047 160.147
17 1753 -137.469 193.665 160.147
17 1754 -138.982 205.16 160.147
17 1755 -140.254 216.886 160.147
17 1756 -140.415 228.106 160.147
17 1757 -139.822 238.45 160.147
17 1758 -138.637 247.495 160.147
17 1759 -137.257 256.658 160.147
17 1760 -135.683 266.059 160.147
17 1761 -133.639 275.597 160.147
17 1762 -131.293 285.721 160.147
17 1763 -129.101 296.935 160.147
17 1764 -127.527 308.032 160.147
17 1765 -126.437 318.233 160.147
17 1766 -125.685 327.568 160.147
17 1767 -125.033 336.354 160.147
17 1768 -124.372 345.388 160.147
17 1769 -123.36 355.239 160.147
17 1770 -121.992 365.882 160.147
17 1771 -120.27 377.334 160.147
17 1772 -118.1 387.968 160.147
17 1773 -115.436 397.115 160.147
17 1774 -112.846 405.21 160.147
18 1796 384.375 -143.318 165.026
18 1797 374.178 -143.661 165.026
18 1798 363.923 -144.578 165.026
18 1799 354.171 -145.812 165.026
18 1800 345.256 -147.063 165.026
18 1801 337.055 -147.752 165.026
18 1802 329.242 -147.401 165.026
18 1803 320.986 -146.229 165.026
18 1804 311.866 -144.494 165.026
18 1805 301.96 -142.296 165.026
18 1806 292.019 -139.887 165.026
18 1807 282.47 -137.842 165.026
18 1808 273.466 -136.371 165.026
18 1809 264.744 -135.163 165.026
18 1810 255.88 -134.675 165.026
18 1811 246.833 -134.573 165.026
18 1812 237.883 -134.714 165.026
18 1813 228.435 -135.084 165.026
18 1814 218.973 -135.767 165.026
18 1815 209.258 -136.625 165.026
18 1816 199.898 -137.454 165.026
18 1817 191.059 -137.253 165.026
18 1818 183.092 -135.756 165.026
18 1819 175.323 -133.323 165.026
18 1820 167.003 -130.726 165.026
18 1821 158.553 -127.893 165.026
18 1822 150.032 -124.869 165.026
18 1823 141.541 -121.918 165.026
18 1824 133.538 -119.246 165.026
18 1825 125.675 -116.886 165.026
18 1826 117.646 -115.133 165.026
18 1827 109.339 -114.21 165.026
18 1828 101.036 -113.275 165.026
18 1829 92.7098 -112.45 165.026
18 1830 84.0676 -112.15 165.026
18 1831 74.9814 -112.314 165.026
18 1832 65.7097 -112.033 165.026
18 1833 57.1204 -110.722 165.026
18 1834 49.5382 -107.63 165.026
18 1835 42.8923 -103.808 165.026
18 1836 36.4521 -99.6531 165.026
18 1837 30.1832 -95.1751 165.026
18 1838 24.1667 -90.2348 165.026
18 1839 18.5241 -85.1053 165.026
18 1840 12.7493 -79.3772 165.026
18 1841 7.10682 -74.1979 165.026
18 1842 1.51119 -69.8316 165.026
18 1843 -4.0221 -65.8871 165.026
18 1844 -10.0316 -61.9002 165.026
18 1845 -16.1158 -57.7829 165.026
18 1846 -22.9154 -53.4836 165.026
18 1847 -30.2435 -48.9925 165.026
18 1848 -38.2562 -44.504 165.026
18 1849 -45.7446 -39.5057 165.026
18 1850 -51.5448 -33.8597 165.026
18 1851 -54.9975 -27.2128 165.026
18 1852 -57.6002 -20.2409 165.026
18 1853 -59.9218 -12.9368 165.026
18 1854 -61.9738 -5.35592 165.026
18 1855 -63.7131 2.47421 165.026
18 1856 -65.5574 10.6243 165.026
18 1857 -67.4433 19.0174 165.026
18 1858 -69.7726 26.3858 165.026
18 1859 -72.6 33.4557 165.026
18 1860 -75.5941 39.9416 165.026
18 1861 -78.6362 46.9208 165.026
18 1862 -81.6829 53.6761 165.026
18 1863 -85.451 60.6232 165.026
18 1864 -89.5567 67.7303 165.026
18 1865 -93.4662 75.1306 165.026
18 1866 -96.3974 83.5587 165.026
18 1867 -97.8435 92.3098 165.026
18 1868 -98.035 100.889 165.026
18 1869 -97.862 109.155 165.026
18 1870 -97.5422 117.581 165.026
18 1871 -96.8897 125.669 165.026
18 1872 -95.8983 134.037 165.026
18 1873 -94.8897 143.104 165.026
18 1874 -94.3412 152.354 165.026
18 1875 -94.9216 161.092 165.026
18 1876 -96.0054 169.402 165.026
18 1877 -96.8717 177.117 165.026
18 1878 -97.7977 184.603 165.026
18 1879 -99.0817 191.978 165.026
18 1880 -101.062 199.523 165.026
18 1881 -102.941 208.312 165.026
18 1882 -104.49 217.646 165.026
18 1883 -104.459 227.08 165.026
18 1884 -103.271 235.695 165.026
18 1885 -101.624 243.763 165.026
18 1886 -99.9377 251.357 165.026
18 1887 -98.2634 258.876 165.026
18 1888 -96.4264 266.259 165.026
18 1889 -94.4788 274.009 165.026
18 1890 -92.6451 282.125 165.026
18 1891 -90.8672 290.825 165.026
18 1892 -89.8052 299.778 165.026
18 1893 -89.3532 308.231 165.026
18 1894 -89.1163 316.07 165.026
18 1895 -89.018 323.494 165.026
18 1896 -89.2067 331.059 165.026
18 1897 -89.6839 339.182 165.026
18 1898 -90.1108 348.415 165.026
18 1899 -90.0863 358.147 165.026
18 1900 -88.6551 368.171 165.026
18 1901 -86.1963 376.925 165.026
18 1902 -83.3448 384.665 165.026
18 1903 -80.2391 391.545 165.026
18 1904 -77.0978 397.746 165.026
18 1905 -73.9496 403.956 165.026
19 1904 374.968 -117.041 177.056
19 1905 367.782 -114.529 177.056
19 1906 359.046 -111.996 177.056
19 1907 349.02 -109.641 177.056
19 1908 338.165 -107.454 177.056
19 1909 327.442 -105.022 177.056
19 1910 317.383 -101.754 177.056
19 1911 308.021 -98.0842 177.056
19 1912 298.748 -95.0163 177.056
19 1913 290.824 -93.8243 177.056
19 1914 281.525 -93.5984 177.056
19 1915 272.256 -94.3827 177.056
19 1916 263.229 -95.4744 177.056
19 1917 252.003 -95.443 177.056
19 1918 240.628 -95.2182 177.056
19 1919 229.827 -95.076 177.056
19 1920 220.028 -93.7652 177.056
19 1921 211.904 -91.6319 177.056
19 1922 203.744 -88.0202 177.056
19 1923 194.906 -84.4339 177.056
19 1924 185.316 -81.1005 177.056
19 1925 174.915 -77.8054 177.056
19 1926 163.873 -73.9475 177.056
19 1927 153.71 -69.8926 177.056
19 1928 144.013 -65.198 177.056
19 1929 135.019 -61.4694 177.056
19 1930 126.382 -59.4788 177.056
19 1931 118.079 -59.4487 177.056
19 1932 109.743 -60.2521 177.056
19 1933 100.665 -60.3569 177.056
19 1934 90.8275 -59.8122 177.056
19 1935 80.2844 -58.8631 177.056
19 1936 70.4358 -57.9585 177.056
19 1937 60.6982 -56.7805 177.056
19 1938 52.4464 -53.851 177.056
19 1939 44.693 -49.7918 177.056
19 1940 37.8624 -45.4173 177.056
19 1941 30.5361 -41.1043 177.056
19 1942 23.2986 -35.9895 177.056
19 1943 16.6075 -29.5053 177.056
19 1944 11.3469 -22.0976 177.056
19 1945 5.468 -16.1455 177.056
19 1946 -0.331434 -12.2441 177.056
19 1947 -6.03735 -10.0343 177.056
19 1948 -11.055 -6.876 177.056
19 1949 -16.5407 -1.72474 177.056
19 1950 -23.1483 4.88179 177.056
19 1951 -31.0821 12.63 177.056
19 1952 -39.3973 19.8607 177.056
19 1953 -46.4178 27.5883 177.056
19 1954 -50.6675 36.121 177.056
19 1955 -52.5394 45.1502 177.056
19 1956 -52.8716 54.2912 177.056
19 1957 -52.9562 63.285 177.056
19 1958 -53.0512 71.9047 177.056
19 1959 -53.2707 80.9328 177.056
19 1960 -52.8618 90.1354 177.056
19 1961 -51.5888 99.672 177.056
19 1962 -50.4188 109.046 177.056
19 1963 -50.3661 118.294 177.056
19 1964 -51.181 127.019 177.056
19 1965 -52.4672 135.644 177.056
19 1966 -54.5185 144.212 177.056
19 1967 -56.2084 153.588 177.056
19 1968 -57.9615 164.081 177.056
19 1969 -59.9527 175.326 177.056
19 1970 -61.9144 187.306 177.056
19 1971 -62.6551 199.577 177.056
19 1972 -60.7501 210.353 177.056
19 1973 -57.7324 220.72 177.056
19 1974 -54.4826 229.619 177.056
19 1975 -51.63 237.904 177.056
19 1976 -49.0894 246.449 177.056
19 1977 -46.5093 255.812 177.056
19 1978 -43.7997 265.821 177.056
19 1979 -41.5061 275.745 177.056
19 1980 -39.9098 285.054 177.056
19 1981 -39.2123 294.598 177.056
19 1982 -39.462 303.001 177.056
19 1983 -40.5994 312.697 177.056
19 1984 -41.5458 318.481 177.056
19 1985 -42.2816 325.092 177.056
19 1986 -42.6836 332.853 177.056
19 1987 -42.9202 341.48 177.056
19 1988 -42.8714 350.436 177.056
19 1989 -41.5882 359.728 177.056
19 1990 -39.253 369.156 177.056
19 1991 -36.691 377.74 177.056
19 1992 -34.5581 385.313 177.056
19 1993 -32.752 392.679 177.056
19 1994 -30.5143 401.018 177.056
20 1997 367.71 -125.272 182.273
20 1998 358.113 -125.084 182.273
20 1999 347.346 -125.619 182.273
20 2000 335.226 -126.446 182.273
20 2001 322.375 -127.346 182.273
20 2002 309.694 -128.376 182.273
20 2003 297.814 -129.161 182.273
20 2004 287.009 -129.249 182.273
20 2005 276.717 -128.37 182.273
20 2006 266.277 -126.636 182.273
20 2007 255.087 -124.415 182.273
20 2008 243.156 -122.055 182.273
20 2009 230.46 -119.529 182.273
20 2010 217.628 -116.491 182.273
20 2011 205.313 -112.9 182.273
20 2012 193.631 -109.257 182.273
20 2013 182.668 -106.429 182.273
20 2014 172.217 -104.096 182.273
20 2015 161.768 -102.24 182.273
20 2016 150.549 -100.937 182.273
20 2017 138.73 -99.7885 182.273
20 2018 126.223 -99.0231 182.273
20 2019 113.832 -97.6234 182.273
20 2020 102.016 -95.686 182.273
20 2021 91.0707 -92.5421 182.273
20 2022 80.6306 -87.6886 182.273
20 2023 70.9735 -81.775 182.273
20 2024 61.5048 -76.143 182.273
20 2025 51.9129 -70.0188 182.273
20 2026 42.2474 -64.0771 182.273
20 2027 33.0175 -57.14 182.273
20 2028 24.6222 -49.3601 182.273
20 2029 17.2428 -41.0651 182.273
20 2030 10.344 -33.271 182.273
20 2031 2.86306 -26.4937 182.273
20 2032 -4.46676 -20.3212 182.273
20 2033 -12.5082 -14.4976 182.273
20 2034 -20.752 -7.96099 182.273
20 2035 -29.2259 -0.556637 182.273
20 2036 -36.7695 8.02678 182.273
20 2037 -43.576 17.1061 182.273
20 2038 -49.1665 26.9064 182.273
20 2039 -53.1594 37.2477 182.273
20 2040 -56.4816 47.3745 182.273
20 2041 -59.4359 56.9653 182.273
20 2042 -62.4117 66.6608 182.273
20 2043 -64.7137 77.2483 182.273
20 2044 -66.3423 88.7228 182.273
20 2045 -67.3256 100.504 182.273
20 2046 -67.6744 112.347 182.273
20 2047 -68.2062 124.311 182.273
20 2048 -69.3404 134.86 182.273
20 2049 -70.781 144.847 182.273
20 2050 -72.5784 154.58 182.273
20 2051 -74.7584 164.966 182.273
20 2052 -76.9772 175.98 182.273
20 2053 -78.8767 187.893 182.273
20 2054 -79.9195 199.586 182.273
20 2055 -79.3958 211.373 182.273
20 2056 -78.0523 222.61 182.273
20 2057 -76.6619 232.731 182.273
20 2058 -75.3604 241.923 182.273
20 2059 -73.7967 251.471 182.273
20 2060 -71.5636 261.913 182.273
20 2061 -68.5845 273.409 182.273
20 2062 -65.538 285.116 182.273
20 2063 -63.0735 297.23 182.273
20 2064 -61.4382 309.694 182.273
20 2065 -61.0074 321.104 182.273
20 2066 -61 331.27 182.273
20 2067 -60.9707 340.873 182.273
20 2068 -60.6083 351.076 182.273
20 2069 -59.8502 362.434 182.273
20 2070 -58.4679 374.436 182.273
20 2071 -56.2521 386.099 182.273
21 2091 370.402 -136.796 173.05
21 2092 358.404 -137.962 173.05
21 2093 346.949 -139.302 173.05
21 2094 336.211 -140.37 173.05
21 2095 326.188 -140.81 173.05
21 2096 316.611 -140.312 173.05
21 2097 306.666 -139.418 173.05
21 2098 295.933 -138.437 173.05
21 2099 284.681 -137.459 173.05
21 2100 273.333 -136.199 173.05
21 2101 262.006 -134.444 173.05
21 2102 251.236 -132.382 173.05
21 2103 240.945 -130.24 173.05
21 2104 230.802 -128.857 173.05
21 2105 220.779 -128.639 173.05
21 2106 209.877 -128.95 173.05
21 2107 198.68 -129.655 173.05
21 2108 187.418 -130.359 173.05
21 2109 176.366 -131.087 173.05
21 2110 165.5 -131.841 173.05
21 2111 155.07 -132.108 173.05
21 2112 144.887 -131.556 173.05
21 2113 134.958 -130.501 173.05
21 2114 125.215 -128.639 173.05
21 2115 115.362 -126.732 173.05
21 2116 105.319 -124.617 173.05
21 2117 95.4887 -121.893 173.05
21 2118 85.5632 -118.624 173.05
21 2119 76.1924 -114.435 173.05
21 2120 66.948 -110.185 173.05
21 2121 58.1466 -106.784 173.05
21 2122 49.2392 -103.939 173.05
21 2123 40.1759 -101.353 173.05
21 2124 30.9018 -98.9347 173.05
21 2125 21.224 -95.952 173.05
21 2126 11.6058 -92.6986 173.05
21 2127 2.13378 -88.8669 173.05
21 2128 -6.96129 -84.5592 173.05
21 2129 -15.1784 -79.4018 173.05
21 2130 -22.0661 -73.3966 173.05
21 2131 -28.0532 -67.1038 173.05
21 2132 -34.005 -60.9084 173.05
21 2133 -39.8048 -54.041 173.05
21 2134 -45.0479 -46.2831 173.05
21 2135 -49.7479 -37.5895 173.05
21 2136 -53.6729 -27.8516 173.05
21 2137 -57.2153 -18.1111 173.05
21 2138 -60.7139 -9.11728 173.05
21 2139 -64.3824 -0.892701 173.05
21 2140 -68.2513 7.18041 173.05
21 2141 -72.2773 15.0399 173.05
21 2142 -76.5997 23.2346 173.05
21 2143 -81.2771 31.8772 173.05
21 2144 -85.8795 40.804 173.05
21 2145 -90.2155 50.2191 173.05
21 2146 -93.4037 59.7845 173.05
21 2147 -95.1462 69.5036 173.05
21 2148 -96.2798 78.716 173.05
21 2149 -97.2974 87.6827 173.05
21 2150 -98.0981 97.042 173.05
21 2151 -98.3969 106.785 173.05
21 2152 -98.1616 117.479 173.05
21 2153 -96.7676 128.47 173.05
21 2154 -95.4392 139.158 173.05
21 2155 -94.8827 149.706 173.05
21 2156 -95.044 159.764 173.05
21 2157 -95.4562 169.331 173.05
21 2158 -96.666 178.698 173.05
21 2159 -98.4187 188.042 173.05
21 2160 -100.35 197.908 173.05
21 2161 -102.098 207.992 173.05
21 2162 -103.555 218.721 173.05
21 2163 -104.04 229.37 173.05
21 2164 -103.819 240.147 173.05
21 2165 -103.481 250.161 173.05
21 2166 -102.989 259.467 173.05
21 2167 -102.156 268.475 173.05
21 2168 -100.639 277.449 173.05
21 2169 -98.3218 286.991 173.05
21 2170 -95.2794 297.474 173.05
21 2171 -92.1043 308.464 173.05
21 2172 -89.6671 319.588 173.05
21 2173 -87.9918 330.456 173.05
21 2174 -86.8477 340.643 173.05
21 2175 -86.1491 350.025 173.05
21 2176 -85.8181 359.284 173.05
21 2177 -85.7186 369.109 173.05
21 2178 -85.2727 379.789 173.05
21 2179 -84.3665 391.167 173.05
21 2180 -82.9356 402.906 173.05
22 2195 379.648 -147.627 160.758
22 2196 368.245 -148.849 160.758
22 2197 358.733 -149.727 160.758
22 2198 350.166 -148.726 160.758
22 2199 341.404 -147.427 160.758
22 2200 331.798 -146.133 160.758
22 2201 321.101 -144.892 160.758
22 2202 309.536 -143.519 160.758
22 2203 297.9 -141.803 160.758
22 2204 287.421 -139.997 160.758
22 2205 278.23 -139.054 160.758
22 2206 269.276 -139.28 160.758
22 2207 260.293 -140.005 160.758
22 2208 250.664 -140.984 160.758
22 2209 240.376 -141.853 160.758
22 2210 229.195 -142.857 160.758
22 2211 217.956 -144.3 160.758
22 2212 206.539 -145.593 160.758
22 2213 196.15 -146.343 160.758
22 2214 186.872 -145.527 160.758
22 2215 177.846 -144.043 160.758
22 2216 168.778 -142.304 160.758
22 2217 159.053 -140.404 160.758
22 2218 148.599 -138.283 160.758
22 2219 138.416 -135.828 160.758
22 2220 128.188 -133.068 160.758
22 2221 118.87 -130.546 160.758
22 2222 110.375 -129.328 160.758
22 2223 102.332 -128.883 160.758
22 2224 93.9957 -128.546 160.758
22 2225 85.1218 -128.339 160.758
22 2226 75.7777 -128.163 160.758
22 2227 65.9837 -127.893 160.758
22 2228 56.3266 -127.384 160.758
22 2229 47.2434 -126.121 160.758
22 2230 39.326 -123.715 160.758
22 2231 31.8155 -119.918 160.758
22 2232 24.5751 -115.605 160.758
22 2233 17.2218 -111.412 160.758
22 2234 9.57239 -106.525 160.758
22 2235 2.25705 -101.16 160.758
22 2236 -4.68077 -94.9121 160.758
22 2237 -11.002 -88.5993 160.758
22 2238 -16.6987 -83.4726 160.758
22 2239 -22.6609 -78.9426 160.758
22 2240 -28.458 -74.1646 160.758
22 2241 -34.5291 -68.6798 160.758
22 2242 -40.5967 -62.5073 160.758
22 2243 -46.9514 -55.7403 160.758
22 2244 -53.3116 -48.8445 160.758
22 2245 -59.1203 -41.2958 160.758
22 2246 -63.5459 -33.7596 160.758
22 2247 -66.0958 -25.2859 160.758
22 2248 -67.6549 -16.8107 160.758
22 2249 -69.0825 -8.50132 160.758
22 2250 -70.6135 0.129747 160.758
22 2251 -71.8976 9.31005 160.758
22 2252 -72.5969 19.0229 160.758
22 2253 -73.1067 28.9176 160.758
22 2254 -74.0416 37.8513 160.758
22 2255 -76.1917 46.0865 160.758
22 2256 -78.5493 54.0106 160.758
22 2257 -80.8369 61.9084 160.758
22 2258 -83.4712 70.1326 160.758
22 2259 -86.4073 78.72 160.758
22 2260 -89.534 87.8635 160.758
22 2261 -92.5239 97.6436 160.758
22 2262 -94.4479 107.686 160.758
22 2263 -94.6031 117.403 160.758
22 2264 -93.61 127.022 160.758
22 2265 -92.4536 136.336 160.758
22 2266 -91.7465 145.472 160.758
22 2267 -91.1842 154.608 160.758
22 2268 -90.131 164.25 160.758
22 2269 -88.6683 174.514 160.758
22 2270 -87.4446 185.186 160.758
22 2271 -87.5181 194.871 160.758
22 2272 -88.2633 204.612 160.758
22 2273 -89.6769 213.748 160.758
22 2274 -90.9805 222.557 160.758
22 2275 -92.7715 231.862 160.758
22 2276 -94.8511 242.011 160.758
22 2277 -96.8826 251.793 160.758
22 2278 -98.2375 262.532 160.758
22 2279 -98.1451 273.17 160.758
22 2280 -96.7652 283.511 160.758
22 2281 -95.2163 293.14 160.758
22 2282 -94.0127 301.976 160.758
22 2283 -92.9493 310.657 160.758
22 2284 -91.5978 319.414 160.758
22 2285 -89.5326 329.185 160.758
22 2286 -87.3439 339.652 160.758
22 2287 -86.1862 349.773 160.758
22 2288 -85.8327 359.613 160.758
22 2289 -85.9438 368.855 160.758
22 2290 -86.0171 377.675 160.758
22 2291 -86.0885 386.351 160.758
22 2292 -86.2001 395.082 160.758
22 2293 -86.2615 404.275 160.758
23 2310 381.098 -146.395 163.536
23 2311 370.465 -145.616 163.536
23 2312 360.324 -144.764 163.536
23 2313 349.914 -143.679 163.536
23 2314 339.399 -142.305 163.536
23 2315 329.604 -140.868 163.536
23 2316 320.488 -139.572 163.536
23 2317 311.871 -138.667 163.536
23 2318 302.888 -138.215 163.536
23 2319 293.364 -137.939 163.536
23 2320 283.219 -137.864 163.536
23 2321 272.58 -137.876 163.536
23 2322 261.851 -137.873 163.536
23 2323 251.855 -137.649 163.536
23 2324 242.435 -137.183 163.536
23 2325 233.368 -136.232 163.536
23 2326 224.085 -134.87 163.536
23 2327 214.402 -133.448 163.536
23 2328 204.514 -131.901 163.536
23 2329 194.516 -130.105 163.536
23 2330 184.613 -127.82 163.536
23 2331 175.227 -125.89 163.536
23 2332 166.023 -124.312 163.536
23 2333 157.145 -123.011 163.536
23 2334 147.957 -121.787 163.536
23 2335 138.257 -120.779 163.536
23 2336 128.676 -119.705 163.536
23 2337 118.893 -118.566 163.536
23 2338 109.084 -116.87 163.536
23 2339 99.917 -115.152 163.536
23 2340 90.9924 -112.862 163.536
23 2341 82.2571 -109.942 163.536
23 2342 73.6456 -107.077 163.536
23 2343 64.9948 -104.102 163.536
23 2344 56.6202 -100.401 163.536
23 2345 48.3773 -96.4115 163.536
23 2346 40.4925 -92.4077 163.536
23 2347 32.9349 -88.2151 163.536
23 2348 25.1462 -84.0789 163.536
23 2349 17.5301 -80.1491 163.536
23 2350 9.89576 -76.4295 163.536
23 2351 2.29703 -72.5576 163.536
23 2352 -5.43187 -68.2051 163.536
23 2353 -13.6968 -63.1479 163.536
23 2354 -21.4756 -56.8843 163.536
23 2355 -28.2022 -49.8396 163.536
23 2356 -34.3924 -42.5787 163.536
23 2357 -39.9089 -35.2567 163.536
23 2358 -44.9246 -28.1316 163.536
23 2359 -49.4604 -21.2984 163.536
23 2360 -53.8296 -14.4916 163.536
23 2361 -57.7407 -7.42539 163.536
23 2362 -61.3318 0.0618537 163.536
23 2363 -64.7039 7.98541 163.536
23 2364 -68.3077 15.8792 163.536
23 2365 -72.0899 23.4681 163.536
23 2366 -75.6444 31.0275 163.536
23 2367 -79.1401 38.3189 163.536
23 2368 -82.3045 46.1143 163.536
23 2369 -85.3859 54.2392 163.536
23 2370 -87.9101 62.7859 163.536
23 2371 -90.2587 71.6085 163.536
23 2372 -92.1319 80.6779 163.536
23 2373 -93.5542 89.7583 163.536
23 2374 -94.8689 98.4727 163.536
23 2375 -95.9759 107.03 163.536
23 2376 -97.0064 115.61 163.536
23 2377 -97.6171 124.833 163.536
23 2378 -97.6938 134.171 163.536
23 2379 -97.8468 143.659 163.536
23 2380 -98.3193 152.83 163.536
23 2381 -99.0987 161.878 163.536
23 2382 -99.8987 170.602 163.536
23 2383 -100.667 179.283 163.536
23 2384 -101.449 188.273 163.536
23 2385 -102.032 197.463 163.536
23 2386 -102.33 207.124 163.536
23 2387 -102.637 217.015 163.536
23 2388 -102.237 226.765 163.536
23 2389 -101.751 236.068 163.536
23 2390 -100.808 244.974 163.536
23 2391 -99.9217 253.312 163.536
23 2392 -98.9547 261.684 163.536
23 2393 -98.0302 270.591 163.536
23 2394 -97.1019 279.998 163.536
23 2395 -96.1658 289.609 163.536
23 2396 -95.5898 299.055 163.536
23 2397 -95.5732 308.031 163.536
23 2398 -95.8849 316.553 163.536
23 2399 -96.1679 324.784 163.536
23 2400 -96.2212 333.158 163.536
23 2401 -95.9469 342.23 163.536
23 2402 -95.3183 351.632 163.536
23 2403 -94.2967 361.13 163.536
23 2404 -92.7129 370.467 163.536
23 2405 -90.6768 379.057 163.536
23 2406 -88.3825 386.829 163.536
23 2407 -85.8982 394.046 163.536
23 2408 -83.0599 401.372 163.536
24 2417 374.514 -157.363 178.064
24 2418 363.145 -155.577 178.064
24 2419 351.722 -153.743 178.064
24 2420 341.355 -152.423 178.064
24 2421 332.109 -151.919 178.064
24 2422 323.297 -152.246 178.064
24 2423 314.321 -153.048 178.064
24 2424 304.47 -153.87 178.064
24 2425 293.539 -154.772 178.064
24 2426 281.809 -155.947 178.064
24 2427 269.889 -157.134 178.064
24 2428 258.906 -157.878 178.064
24 2429 248.614 -158.345 178.064
24 2430 238.921 -157.889 178.064
24 2431 229.232 -157.07 178.064
24 2432 219.463 -155.841 178.064
24 2433 209.186 -154.648 178.064
24 2434 198.617 -153.274 178.064
24 2435 188.164 -151.885 178.064
24 2436 177.941 -150.662 178.064
24 2437 168.417 -149.347 178.064
24 2438 159.699 -148.432 178.064
24 2439 151.253 -148.278 178.064
24 2440 142.182 -148.127 178.064
24 2441 132.6 -148.121 178.064
24 2442 122.438 -147.662 178.064
24 2443 112.092 -146.738 178.064
24 2444 101.737 -145.531 178.064
24 2445 91.6259 -143.954 178.064
24 2446 81.8464 -141.545 178.064
24 2447 73.1452 -138.46 178.064
24 2448 64.8143 -134.456 178.064
24 2449 56.9816 -130.349 178.064
24 2450 49.2826 -125.803 178.064
24 2451 42.1954 -121.47 178.064
24 2452 34.956 -116.585 178.064
24 2453 27.7417 -111.7 178.064
24 2454 20.2358 -106.673 178.064
24 2455 13.2959 -102.141 178.064
24 2456 6.33113 -97.9449 178.064
24 2457 -0.823139 -93.9052 178.064
24 2458 -8.15876 -89.6681 178.064
24 2459 -15.5265 -85.1664 178.064
24 2460 -22.907 -80.0743 178.064
24 2461 -30.0478 -74.8064 178.064
24 2462 -36.7897 -68.5179 178.064
24 2463 -42.7154 -61.6432 178.064
24 2464 -47.2848 -54.3007 178.064
24 2465 -50.5507 -46.5064 178.064
24 2466 -53.2906 -38.6992 178.064
24 2467 -55.4797 -30.6045 178.064
24 2468 -57.4253 -22.4261 178.064
24 2469 -59.0339 -13.4967 178.064
24 2470 -60.1867 -3.80549 178.064
24 2471 -61.5242 6.77691 178.064
24 2472 -63.4676 17.8724 178.064
24 2473 -65.9178 28.3272 178.064
24 2474 -68.5967 37.7961 178.064
24 2475 -71.0728 46.495 178.064
24 2476 -73.3863 54.4706 178.064
24 2477 -75.6662 62.1367 178.064
24 2478 -77.8178 70.0016 178.064
24 2479 -79.7687 78.3034 178.064
24 2480 -80.7636 87.1883 178.064
24 2481 -80.9256 95.7148 178.064
24 2482 -80.14 104.532 178.064
24 2483 -79.2031 112.652 178.064
24 2484 -78.1013 120.67 178.064
24 2485 -77.1003 128.849 178.064
24 2486 -75.7285 137.473 178.064
24 2487 -74.3299 146.498 178.064
24 2488 -72.4103 156.295 178.064
24 2489 -70.9463 166.463 178.064
24 2490 -69.8909 176.834 178.064
24 2491 -69.029 186.217 178.064
24 2492 -68.7281 195.513 178.064
24 2493 -68.6034 204.387 178.064
24 2494 -68.9067 213.061 178.064
24 2495 -69.3124 222.233 178.064
24 2496 -69.4376 232.154 178.064
24 2497 -69.6722 242.63 178.064
24 2498 -69.4735 253.008 178.064
24 2499 -68.7554 263.275 178.064
24 2500 -67.9294 272.797 178.064
24 2501 -67.1681 281.757 178.064
24 2502 -66.2988 290.285 178.064
24 2503 -65.0823 298.712 178.064
24 2504 -63.3588 307.879 178.064
24 2505 -61.511 318.218 178.064
24 2506 -60.0236 328.727 178.064
24 2507 -59.0176 338.909 178.064
24 2508 -58.4948 348.625 178.064
24 2509 -58.2126 357.507 178.064
24 2510 -58.056 365.917 178.064
24 2511 -57.782 374.246 178.064
24 2512 -57.1287 382.679 178.064
24 2513 -56.2593 391.55 178.064
25 2532 368.047 -149.348 187.406
25 2533 355.81 -148.355 187.406
25 2534 344.909 -146.817 187.406
25 2535 335.439 -145.733 187.406
25 2536 327.096 -145.315 187.406
25 2537 318.694 -145.448 187.406
25 2538 309.308 -145.987 187.406
25 2539 298.948 -147.001 187.406
25 2540 287.689 -148.318 187.406
25 2541 276.129 -149.846 187.406
25 2542 264.974 -151.494 187.406
25 2543 254.822 -152.707 187.406
25 2544 245.386 -153.01 187.406
25 2545 236.48 -152.517 187.406
25 2546 227.211 -151.798 187.406
25 2547 217.183 -150.789 187.406
25 2548 206.113 -149.739 187.406
25 2549 195.171 -148.399 187.406
25 2550 183.919 -146.669 187.406
25 2551 173.402 -144.976 187.406
25 2552 164.097 -144.012 187.406
25 2553 155.557 -143.75 187.406
25 2554 147.119 -144.009 187.406
25 2555 138.326 -144.123 187.406
25 2556 128.66 -144.52 187.406
25 2557 118.15 -145.015 187.406
25 2558 107.2 -145.838 187.406
25 2559 96.2079 -146.376 187.406
25 2560 86.5369 -145.89 187.406
25 2561 78.0564 -144.248 187.406
25 2562 70.0384 -141.828 187.406
25 2563 61.908 -138.599 187.406
25 2564 53.4709 -135.172 187.406
25 2565 44.4758 -130.957 187.406
25 2566 35.3946 -125.837 187.406
25 2567 26.3955 -120.02 187.406
25 2568 18.3211 -114.582 187.406
25 2569 10.7305 -110.247 187.406
25 2570 3.58865 -106.591 187.406
25 2571 -3.59014 -103.131 187.406
25 2572 -11.3895 -99.3619 187.406
25 2573 -19.801 -95.5294 187.406
25 2574 -28.7743 -91.2347 187.406
25 2575 -37.7403 -86.5017 187.406
25 2576 -46.2789 -81.2139 187.406
25 2577 -52.93 -75.4669 187.406
25 2578 -58.3321 -68.7836 187.406
25 2579 -62.7061 -61.9847 187.406
25 2580 -66.9043 -54.7195 187.406
25 2581 -70.8856 -46.9582 187.406
25 2582 -74.6076 -38.2504 187.406
25 2583 -77.9421 -28.7694 187.406
25 2584 -80.7115 -19.018 187.406
25 2585 -83.72 -10.1655 187.406
25 2586 -87.0157 -2.1556 187.406
25 2587 -90.5275 5.68689 187.406
25 2588 -94.0213 13.4281 187.406
25 2589 -97.6672 21.2932 187.406
25 2590 -101.404 29.7589 187.406
25 2591 -105.555 38.8948 187.406
25 2592 -109.146 48.7888 187.406
25 2593 -111.904 58.2743 187.406
25 2594 -113.593 67.6085 187.406
25 2595 -114.122 76.798 187.406
25 2596 -114.206 85.7156 187.406
25 2597 -114.181 94.7204 187.406
25 2598 -113.966 104.105 187.406
25 2599 -113.537 114.074 187.406
25 2600 -112.667 124.435 187.406
25 2601 -111.641 134.903 187.406
25 2602 -111.402 144.579 187.406
25 2603 -111.686 153.655 187.406
25 2604 -112.279 162.53 187.406
25 2605 -113.32 171.069 187.406
25 2606 -114.731 180.072 187.406
25 2607 -116.164 189.616 187.406
25 2608 -117.641 199.694 187.406
25 2609 -118.566 209.727 187.406
25 2610 -118.758 219.245 187.406
25 2611 -118.356 228.604 187.406
25 2612 -117.321 237.999 187.406
25 2613 -116.321 246.847 187.406
25 2614 -115.389 255.74 187.406
25 2615 -114.099 264.886 187.406
25 2616 -114.064 274.413 187.406
25 2617 -113.005 282.117 187.406
25 2618 -111.254 292.006 187.406
25 2619 -110.379 301.716 187.406
25 2620 -110.154 311.309 187.406
25 2621 -110.088 320.5 187.406
25 2622 -110.191 329.181 187.406
25 2623 -110.399 337.702 187.406
25 2624 -110.867 346.856 187.406
25 2625 -111.223 361.857 187.406
25 2626 -111.203 372.042 187.406
25 2627 -110.382 381.794 187.406
25 2628 -108.693 391.559 187.406
26 2674 390.171 -182.331 159.729
26 2675 382.995 -182.104 159.729
26 2676 375.37 -181.925 159.729
26 2677 367.645 -181.501 159.729
26 2678 360.068 -180.482 159.729
26 2679 352.844 -179.321 159.729
26 2680 345.594 -178.107 159.729
26 2681 337.958 -178.203 159.729
26 2682 330.296 -178.935 159.729
26 2683 322.805 -179.66 159.729
26 2684 314.663 -180.271 159.729
26 2685 306.212 -181.077 159.729
26 2686 298.02 -182.128 159.729
26 2687 290.588 -183.499 159.729
26 2688 283.308 -185.166 159.729
26 2689 275.013 -185.981 159.729
26 2690 266.866 -186.205 159.729
26 2691 259.292 -186.382 159.729
26 2692 250.97 -185.981 159.729
26 2693 241.732 -185.524 159.729
26 2694 232.408 -184.735 159.729
26 2695 223.875 -183.773 159.729
26 2696 215.458 -183.125 159.729
26 2697 207.022 -183.662 159.729
26 2698 199.162 -184.887 159.729
26 2699 191.448 -185.981 159.729
26 2700 183.18 -186.769 159.729
26 2701 175.112 -187.476 159.729
26 2702 166.847 -188.36 159.729
26 2703 159.234 -189.311 159.729
26 2704 151.153 -190.301 159.729
26 2705 143.138 -190.345 159.729
26 2706 135.804 -189.617 159.729
26 2707 128.352 -188.449 159.729
26 2708 120.105 -187.18 159.729
26 2709 111.928 -185.893 159.729
26 2710 104.258 -184.298 159.729
26 2711 97.6931 -182.519 159.729
26 2712 91.0551 -180.851 159.729
26 2713 84.1272 -179.997 159.729
26 2714 77.9679 -179.756 159.729
26 2715 71.6928 -179.429 159.729
26 2716 65.0685 -178.821 159.729
26 2717 58.466 -177.842 159.729
26 2718 51.1487 -176.524 159.729
26 2719 43.8113 -174.96 159.729
26 2720 36.2977 -173.396 159.729
26 2721 28.7504 -171.214 159.729
26 2722 22.0064 -168.33 159.729
26 2723 15.2311 -164.686 159.729
26 2724 8.82438 -160.943 159.729
26 2725 2.2669 -156.886 159.729
26 2726 -4.05841 -152.225 159.729
26 2727 -9.798 -147.355 159.729
26 2728 -14.8806 -142.772 159.729
26 2729 -20.3015 -138.659 159.729
26 2730 -25.9821 -134.564 159.729
26 2731 -31.4383 -130.638 159.729
26 2732 -36.5926 -126.485 159.729
26 2733 -42 -121.615 159.729
26 2734 -47.9359 -116.052 159.729
26 2735 -54.2267 -110.087 159.729
26 2736 -60.3404 -104.211 159.729
26 2737 -66.6469 -98.5261 159.729
26 2738 -72.3027 -91.8939 159.729
26 2739 -76.4023 -85.0839 159.729
26 2740 -80.0782 -78.2254 159.729
26 2741 -83.5552 -71.4744 159.729
26 2742 -86.7275 -64.4039 159.729
26 2743 -89.3016 -56.6877 159.729
26 2744 -92.167 -48.3455 159.729
26 2745 -94.7752 -39.9489 159.729
26 2746 -98.1958 -31.2606 159.729
26 2747 -101.889 -23.2529 159.729
26 2748 -105.353 -15.8027 159.729
26 2749 -108.434 -8.2379 159.729
26 2750 -111.524 -0.488307 159.729
26 2751 -114.753 7.04084 159.729
26 2752 -117.618 14.7282 159.729
26 2753 -119.886 22.7702 159.729
26 2754 -121.194 30.785 159.729
26 2755 -121.695 38.3716 159.729
26 2756 -121.771 45.6916 159.729
26 2757 -122.055 52.9579 159.729
26 2758 -122.215 60.1159 159.729
26 2759 -122.352 67.4017 159.729
26 2760 -122.15 74.8385 159.729
26 2761 -121.756 82.4855 159.729
26 2762 -121.814 91.1161 159.729
26 2763 -122.206 99.2881 159.729
26 2764 -122.848 106.815 159.729
26 2765 -123.606 113.937 159.729
26 2766 -124.378 120.844 159.729
26 2767 -125.055 127.988 159.729
26 2768 -125.608 135.503 159.729
26 2769 -126.076 143.27 159.729
26 2770 -126.086 151.704 159.729
26 2771 -125.223 159.714 159.729
26 2772 -124.347 167.085 159.729
26 2773 -123.92 174.219 159.729
26 2774 -123.394 181.543 159.729
26 2775 -122.651 188.916 159.729
26 2776 -121.443 196.783 159.729
26 2777 -119.878 204.87 159.729
26 2778 -119.03 213.822 159.729
26 2779 -118.789 223.235 159.729
26 2780 -119.033 231.699 159.729
26 2781 -119.257 239.292 159.729
26 2782 -119.289 247.038 159.729
26 2783 -119.617 254.659 159.729
26 2784 -120.055 262.69 159.729
26 2785 -120.764 270.444 159.729
26 2786 -121.061 278.805 159.729
26 2787 -120.488 287.464 159.729
26 2788 -119.635 295.045 159.729
26 2789 -118.827 301.839 159.729
26 2790 -117.797 308.438 159.729
26 2791 -116.307 314.893 159.729
26 2792 -114.044 322.249 159.729
26 2793 -111.194 329.996 159.729
26 2794 -108.256 338.296 159.729
26 2795 -105.711 347.546 159.729
26 2796 -103.645 356.363 159.729
26 2797 -101.813 364.152 159.729
26 2798 -99.9847 371.116 159.729
26 2799 -98.1934 377.991 159.729
26 2800 -96.3827 385.345 159.729
26 2801 -94.599 393.241 159.729
26 2802 -92.6508 401.605 159.729
26 2803 -89.7611 409.825 159.729
27 2815 390.723 -133.091 157.847
27 2816 378.769 -132.985 157.847
27 2817 367.38 -132.35 157.847
27 2818 356.641 -131.091 157.847
27 2819 344.537 -129.849 157.847
27 2820 332.706 -127.87 157.847
27 2821 320.194 -126.325 157.847
27 2822 307.871 -124.566 157.847
27 2823 296.29 -122.798 157.847
27 2824 284.883 -121.632 157.847
27 2825 274.193 -120.311 157.847
27 2826 262.539 -119.359 157.847
27 2827 250.577 -118.768 157.847
27 2828 238.638 -118.503 157.847
27 2829 227.053 -117.822 157.847
27 2830 215.805 -116.646 157.847
27 2831 204.822 -114.908 157.847
27 2832 194.351 -113.014 157.847
27 2833 183.38 -111.036 157.847
27 2834 172.542 -108.833 157.847
27 2835 161.56 -106.556 157.847
27 2836 150.892 -103.832 157.847
27 2837 140.318 -101.091 157.847
27 2838 129.575 -98.7186 157.847
27 2839 118.498 -96.5993 157.847
27 2840 107.495 -94.9898 157.847
27 2841 96.2162 -93.5852 157.847
27 2842 85.4338 -91.9123 157.847
27 2843 74.9298 -89.7467 157.847
27 2844 64.9306 -86.2908 157.847
27 2845 55.7172 -82.2014 157.847
27 2846 46.9173 -78.0151 157.847
27 2847 38.0472 -72.9832 157.847
27 2848 29.4579 -67.6994 157.847
27 2849 21.2209 -61.7264 157.847
27 2850 13.1329 -55.8839 157.847
27 2851 5.22382 -50.0502 157.847
27 2852 -2.67663 -43.983 157.847
27 2853 -10.8239 -37.945 157.847
27 2854 -18.9559 -31.4361 157.847
27 2855 -26.5484 -24.7345 157.847
27 2856 -33.3322 -17.1286 157.847
27 2857 -39.0087 -8.65424 157.847
27 2858 -43.8933 -0.0872269 157.847
27 2859 -48.3072 8.69758 157.847
27 2860 -51.9673 17.7399 157.847
27 2861 -55.2044 27.4068 157.847
27 2862 -58.1432 37.4546 157.847
27 2863 -60.9545 47.4557 157.847
27 2864 -64.0782 57.3762 157.847
27 2865 -67.344 67.2502 157.847
27 2866 -70.8122 77.137 157.847
27 2867 -74.3473 87.2347 157.847
27 2868 -77.2861 97.5988 157.847
27 2869 -79.3648 108.404 157.847
27 2870 -80.5513 119.09 157.847
27 2871 -81.3349 129.606 157.847
27 2872 -81.8064 140.094 157.847
27 2873 -81.7137 150.537 157.847
27 2874 -81.2857 161.179 157.847
27 2875 -80.9556 171.974 157.847
27 2876 -81.0314 182.669 157.847
27 2877 -81.5457 193.044 157.847
27 2878 -82.3716 203.067 157.847
27 2879 -83.5673 212.937 157.847
27 2880 -84.7801 223.016 157.847
27 2881 -85.5345 233.405 157.847
27 2882 -85.5496 244.214 157.847
27 2883 -85.5226 249.788 157.847
27 2884 -84.9377 259.818 157.847
27 2885 -84.0932 269.263 157.847
27 2886 -82.8654 278.615 157.847
27 2887 -81.4064 288.291 157.847
27 2888 -79.9878 298.383 157.847
27 2889 -79.0718 309.031 157.847
27 2890 -78.7692 319.13 157.847
27 2891 -78.8311 328.637 157.847
27 2892 -79.2606 338.026 157.847
27 2893 -79.9753 347.666 157.847
27 2894 -80.6227 357.481 157.847
27 2895 -80.888 367.574 157.847
27 2896 -80.5373 377.741 157.847
27 2897 -80.0685 387.165 157.847
27 2898 -79.6626 395.794 157.847
27 2899 -79.0603 404.085 157.847
27 2900 -78.1257 412.906 157.847
28 2918 392.875 -129.084 156.263
28 2919 381.003 -129.563 156.263
28 2920 370.594 -129.826 156.263
28 2921 360.577 -129.773 156.263
28 2922 350.66 -128.877 156.263
28 2923 340.602 -127.343 156.263
28 2924 329.946 -125.674 156.263
28 2925 318.617 -123.987 156.263
28 2926 307.543 -122.324 156.263
28 2927 297.407 -120.887 156.263
28 2928 287.843 -119.126 156.263
28 2929 277.923 -116.379 156.263
28 2930 267.518 -114.782 156.263
28 2931 256.554 -114.113 156.263
28 2932 244.854 -114.158 156.263
28 2933 232.831 -114.605 156.263
28 2934 221.21 -114.943 156.263
28 2935 210.101 -114.476 156.263
28 2936 199.062 -113.929 156.263
28 2937 188.287 -112.415 156.263
28 2938 178.264 -110.198 156.263
28 2939 168.537 -107.663 156.263
28 2940 158.474 -104.777 156.263
28 2941 148.259 -101.842 156.263
28 2942 138.094 -98.438 156.263
28 2943 128.277 -94.5455 156.263
28 2944 117.498 -90.0623 156.263
28 2945 107.142 -86.6518 156.263
28 2946 96.4035 -84.5183 156.263
28 2947 85.8176 -82.7512 156.263
28 2948 74.9764 -80.9553 156.263
28 2949 64.9514 -78.9705 156.263
28 2950 55.15 -76.4372 156.263
28 2951 45.7103 -73.3849 156.263
28 2952 36.101 -68.9076 156.263
28 2953 27.6802 -62.7462 156.263
28 2954 20.3612 -56.5671 156.263
28 2955 13.7374 -50.4309 156.263
28 2956 7.16069 -43.8729 156.263
28 2957 0.971543 -36.6276 156.263
28 2958 -4.75938 -28.995 156.263
28 2959 -10.6712 -20.5518 156.263
28 2960 -16.7467 -13.0317 156.263
28 2961 -23.3628 -6.16363 156.263
28 2962 -30.2264 0.681846 156.263
28 2963 -37.3372 8.24384 156.263
28 2964 -44.1658 15.988 156.263
28 2965 -50.4841 24.306 156.263
28 2966 -56.8636 33.1243 156.263
28 2967 -61.9005 42.63 156.263
28 2968 -65.4817 52.3265 156.263
28 2969 -68.1556 61.3838 156.263
28 2970 -70.9521 70.3803 156.263
28 2971 -72.6814 79.9274 156.263
28 2972 -74.0514 89.9813 156.263
28 2973 -74.3581 100.196 156.263
28 2974 -74.2875 111.435 156.263
28 2975 -74.7738 122.688 156.263
28 2976 -76.0354 132.907 156.263
28 2977 -78.0925 142.406 156.263
28 2978 -80.4415 152.394 156.263
28 2979 -82.012 163.011 156.263
28 2980 -83.1404 174.074 156.263
28 2981 -84.2354 185.246 156.263
28 2982 -84.4087 196.741 156.263
28 2983 -82.8535 207.606 156.263
28 2984 -80.7412 216.947 156.263
28 2985 -78.7993 225.67 156.263
28 2986 -77.2763 234.756 156.263
28 2987 -75.5266 244.688 156.263
28 2988 -73.6072 255.265 156.263
28 2989 -72.827 266.529 156.263
28 2990 -71.1462 277.55 156.263
28 2991 -72.3357 283.34 156.263
28 2992 -71.8301 291.427 156.263
28 2993 -73.0545 300.823 156.263
28 2994 -73.0031 310.038 156.263
28 2995 -72.6424 319.833 156.263
28 2996 -72.4435 330.761 156.263
28 2997 -71.5707 342.156 156.263
28 2998 -69.8243 352.595 156.263
28 2999 -67.8467 361.821 156.263
28 3000 -66.6526 370.513 156.263
28 3001 -63.5959 385.398 156.263
28 3002 -61.9 393.521 156.263
28 3003 -59.1906 403.132 156.263
28 3004 -55.7482 413.023 156.263
