1 149 110.776 -114.903 173.474
1 150 98.3516 -112.223 173.474
1 151 86.3609 -109.687 173.474
1 152 75.8091 -105.627 173.474
1 153 67.5677 -101.241 173.474
1 154 59.5765 -96.0768 173.474
1 155 50.897 -91.2827 173.474
1 156 41.9114 -85.1787 173.474
1 157 32.1934 -78.8059 173.474
1 158 23.0289 -71.9837 173.474
1 159 14.8562 -65.5295 173.474
1 160 7.00146 -60.1542 173.474
1 161 -0.0206454 -55.575 173.474
1 162 -7.99568 -50.6997 173.474
1 163 -16.4102 -45.1441 173.474
1 164 -25.5311 -39.0687 173.474
1 165 -35.1005 -32.2499 173.474
1 166 -44.7714 -24.6659 173.474
1 167 -52.7525 -16.2626 173.474
1 168 -58.311 -7.7547 173.474
1 169 -62.7883 0.995444 173.474
1 170 -66.9377 9.85598 173.474
1 171 -71.0666 18.8427 173.474
1 172 -75.0532 27.9239 173.474
1 173 -78.524 38.1219 173.474
1 174 -81.5937 48.327 173.474
1 175 -85.3573 58.1167 173.474
1 176 -89.0868 67.6737 173.474
1 177 -92.891 76.6746 173.474
1 178 -96.9874 85.5006 173.474
1 179 -100.877 94.7252 173.474
1 180 -105.001 104.745 173.474
1 181 -108.915 116.031 173.474
1 182 -112.268 127.207 173.474
1 183 -113.385 138.419 173.474
1 184 -113.578 148.988 173.474
1 185 -113.998 159.029 173.474
1 186 -114.094 168.587 173.474
1 187 -114.228 177.988 173.474
1 188 -113.482 188.336 173.474
1 189 -112.441 199.723 173.474
1 190 -112.256 211.645 173.474
1 191 -113.387 223.252 173.474
1 192 -115.057 233.926 173.474
1 193 -116.683 243.611 173.474
1 194 -118.396 253.352 173.474
1 195 -119.874 263.235 173.474
1 196 -121.304 274.629 173.474
1 197 -122.276 286.581 173.474
1 198 -121.885 298.48 173.474
1 199 -120.53 309.961 173.474
1 200 -119.263 320.423 173.474
1 201 -118.136 329.941 173.474
1 202 -116.965 339.084 173.474
1 203 -115.553 348.867 173.474
1 204 -113.725 360.217 173.474
1 205 -112.233 372.215 173.474
1 206 -111.669 384.835 173.474
1 207 -111.465 397.029 173.474
2 248 113.026 -127.626 180.326
2 249 102.548 -124.144 180.326
2 250 92.4631 -120.946 180.326
2 251 82.3394 -118.116 180.326
2 252 72.1691 -115.352 180.326
2 253 61.8669 -112.395 180.326
2 254 51.3216 -109.082 180.326
2 255 40.8444 -105.479 180.326
2 256 31.0142 -101.477 180.326
2 257 22.1282 -96.9774 180.326
2 258 14.1866 -91.885 180.326
2 259 6.50445 -86.0299 180.326
2 260 -0.695348 -79.657 180.326
2 261 -8.35869 -72.5927 180.326
2 262 -15.4093 -64.9173 180.326
2 263 -21.8471 -56.6793 180.326
2 264 -27.3627 -48.0528 180.326
2 265 -32.7653 -39.6785 180.326
2 266 -38.4959 -31.2747 180.326
2 267 -43.8895 -22.7224 180.326
2 268 -49.3747 -13.8108 180.326
2 269 -54.9272 -4.46961 180.326
2 270 -60.3471 4.75249 180.326
2 271 -65.379 14.5661 180.326
2 272 -69.564 24.3688 180.326
2 273 -73.0147 34.7599 180.326
2 274 -75.1989 45.2166 180.326
2 275 -76.8975 55.5794 180.326
2 276 -78.6157 65.5712 180.326
2 277 -80.2718 75.8919 180.326
2 278 -81.4228 86.7292 180.326
2 279 -82.4569 97.6481 180.326
2 280 -83.3635 108.727 180.326
2 281 -84.3444 120.045 180.326
2 282 -85.8717 131.096 180.326
2 283 -87.5377 141.556 180.326
2 284 -89.4312 151.371 180.326
2 285 -91.3841 161.265 180.326
2 286 -93.2077 171.454 180.326
2 287 -94.7603 182.19 180.326
2 288 -95.7064 193.307 180.326
2 289 -96.143 204.915 180.326
2 290 -96.1402 216.338 180.326
2 291 -95.5357 226.841 180.326
2 292 -95.0751 236.69 180.326
2 293 -94.2252 246.521 180.326
2 294 -93.0454 256.681 180.326
2 295 -91.536 267.575 180.326
2 296 -89.8952 279.041 180.326
2 297 -88.2955 290.746 180.326
2 298 -87.2968 302.307 180.326
2 299 -87.089 312.927 180.326
2 300 -87.2766 322.372 180.326
2 301 -87.4831 331.555 180.326
2 302 -87.7089 341.37 180.326
2 303 -87.813 352.212 180.326
2 304 -87.7169 363.885 180.326
2 305 -86.8759 376.237 180.326
2 306 -85.0218 388.27 180.326
3 340 112.676 -102.753 164.242
3 341 100.496 -98.7939 164.242
3 342 88.3465 -94.8463 164.242
3 343 76.7546 -91.2576 164.242
3 344 65.8316 -87.5935 164.242
3 345 55.7733 -82.9371 164.242
3 346 46.2564 -77.3178 164.242
3 347 36.6889 -70.9485 164.242
3 348 27.1275 -64.1588 164.242
3 349 18.2005 -57.2056 164.242
3 350 9.68922 -50.4015 164.242
3 351 1.47228 -43.3532 164.242
3 352 -6.1144 -36.2802 164.242
3 353 -13.8621 -28.7906 164.242
3 354 -21.9531 -21.2335 164.242
3 355 -30.1323 -13.4531 164.242
3 356 -38.4576 -5.33874 164.242
3 357 -46.3489 2.73505 164.242
3 358 -53.3642 11.5541 164.242
3 359 -60.0801 20.7606 164.242
3 360 -65.7217 30.5451 164.242
3 361 -71.0041 40.6038 164.242
3 362 -75.8193 50.7595 164.242
3 363 -79.9954 60.9331 164.242
3 364 -83.7405 71.3894 164.242
3 365 -86.8523 81.8951 164.242
3 366 -89.5571 92.7944 164.242
3 367 -91.9542 104.299 164.242
3 368 -94.3789 115.663 164.242
3 369 -96.9394 126.578 164.242
3 370 -99.3751 136.906 164.242
3 371 -101.868 147.35 164.242
3 372 -104.033 158.151 164.242
3 373 -105.23 169.756 164.242
3 374 -106.05 181.544 164.242
3 375 -106.291 193.605 164.242
3 376 -106.298 205.024 164.242
3 377 -106.434 215.697 164.242
3 378 -106.38 226.31 164.242
3 379 -105.934 236.951 164.242
3 380 -105.221 248.409 164.242
3 381 -104.247 260.28 164.242
3 382 -103.391 272.481 164.242
3 383 -102.928 284.289 164.242
3 384 -102.686 295.566 164.242
3 385 -102.631 306.465 164.242
3 386 -102.425 317.27 164.242
3 387 -101.748 328.569 164.242
3 388 -100.707 340.857 164.242
3 389 -99.1235 353.955 164.242
3 390 -96.8127 366.779 164.242
3 391 -94.3664 378.02 164.242
3 392 -91.8541 388.351 164.242
3 393 -89.1953 398.024 164.242
3 394 -86.5073 407.778 164.242
4 425 113.678 -74.7007 183.335
4 426 104.485 -71.73 183.335
4 427 94.9523 -68.4232 183.335
4 428 84.3099 -64.6426 183.335
4 429 72.7263 -60.3189 183.335
4 430 60.7923 -55.562 183.335
4 431 49.4214 -50.5541 183.335
4 432 39.1258 -45.8754 183.335
4 433 29.5578 -41.6432 183.335
4 434 20.7287 -37.8244 183.335
4 435 11.1013 -33.8173 183.335
4 436 0.839673 -29.3247 183.335
4 437 -9.59449 -24.2099 183.335
4 438 -20.61 -18.9154 183.335
4 439 -30.7092 -12.6685 183.335
4 440 -38.9002 -5.61796 183.335
4 441 -45.1965 2.35592 183.335
4 442 -50.2145 10.5412 183.335
4 443 -55.1688 18.9101 183.335
4 444 -60.3046 27.6488 183.335
4 445 -64.9368 37.2866 183.335
4 446 -68.901 47.5987 183.335
4 447 -72.2929 58.1734 183.335
4 448 -75.5064 67.5833 183.335
4 449 -78.8671 76.8459 183.335
4 450 -82.3803 86.5506 183.335
4 451 -86.4061 96.1462 183.335
4 452 -90.8198 106.525 183.335
4 453 -94.992 117.581 183.335
4 454 -98.9571 128.758 183.335
4 455 -101.96 140.146 183.335
4 456 -102.884 151.818 183.335
4 457 -102.683 163.48 183.335
4 458 -102.29 175.024 183.335
4 459 -101.611 186.555 183.335
4 460 -100.585 198.234 183.335
4 461 -99.2461 210.323 183.335
4 462 -98.0482 222.618 183.335
4 463 -97.0431 234.743 183.335
4 464 -96.0917 247.211 183.335
4 465 -97.3308 258.765 183.335
4 466 -97.3442 270.316 183.335
4 467 -97.582 281.652 183.335
4 468 -97.9247 293.201 183.335
4 469 -98.0482 305.457 183.335
4 470 -97.4552 318.002 183.335
4 471 -95.39 330.693 183.335
4 472 -92.5261 343.014 183.335
4 473 -89.6385 354.539 183.335
4 474 -84.3546 362.206 183.335
4 475 -81.5957 372.535 183.335
4 476 -78.7844 382.991 183.335
4 477 -75.953 395.222 183.335
5 517 124.228 -87.0897 159.099
5 518 114.17 -84.5655 159.099
5 519 103.383 -82.9643 159.099
5 520 92.7822 -81.6348 159.099
5 521 82.1598 -80.2621 159.099
5 522 71.6138 -78.7448 159.099
5 523 62.3477 -77.5596 159.099
5 524 53.5489 -76.2225 159.099
5 525 45.0389 -73.1525 159.099
5 526 37.8277 -68.4046 159.099
5 527 30.5162 -63.0953 159.099
5 528 22.9935 -57.3766 159.099
5 529 15.0651 -51.768 159.099
5 530 7.36286 -45.5073 159.099
5 531 0.629406 -38.6632 159.099
5 532 -5.19802 -31.3839 159.099
5 533 -11.0157 -24.6221 159.099
5 534 -17.6481 -18.1518 159.099
5 535 -24.4097 -12.0044 159.099
5 536 -31.4236 -5.37404 159.099
5 537 -38.1777 1.29457 159.099
5 538 -44.6387 8.29207 159.099
5 539 -50.7119 14.9344 159.099
5 540 -55.4169 22.358 159.099
5 541 -58.7015 30.897 159.099
5 542 -61.6955 40.0401 159.099
5 543 -64.8734 48.8664 159.099
5 544 -68.0658 57.5253 159.099
5 545 -70.3515 66.3918 159.099
5 546 -71.7292 75.9082 159.099
5 547 -72.7623 86.0208 159.099
5 548 -73.9551 96.4255 159.099
5 549 -75.8877 107.388 159.099
5 550 -78.9502 118.208 159.099
5 551 -82.3815 128.322 159.099
5 552 -85.4988 138.186 159.099
5 553 -88.3034 148.049 159.099
5 554 -90.9704 157.989 159.099
5 555 -92.2968 168.285 159.099
5 556 -91.9459 179.447 159.099
5 557 -91.1112 190.352 159.099
5 558 -90.4688 199.979 159.099
5 559 -90.1136 208.976 159.099
5 560 -89.2513 217.777 159.099
5 561 -87.344 226.79 159.099
5 562 -84.9636 236.508 159.099
5 563 -83.327 247.47 159.099
5 564 -82.7026 259.453 159.099
5 565 -82.8708 270.573 159.099
5 566 -82.9557 280.1 159.099
5 567 -82.8958 289.059 159.099
5 568 -82.7924 298.687 159.099
5 569 -82.6217 309.428 159.099
5 570 -82.2705 320.767 159.099
5 571 -80.7459 332.729 159.099
5 572 -77.8912 343.998 159.099
5 573 -74.9944 353.779 159.099
5 574 -72.5822 362.276 159.099
5 575 -69.7985 370.725 159.099
5 576 -66.2582 379.852 159.099
5 577 -62.2793 389.714 159.099
5 578 -58.6079 400.757 159.099
6 607 109.174 -123.476 183.455
6 608 98.3818 -118.613 183.455
6 609 88.073 -113.512 183.455
6 610 78.2633 -108.436 183.455
6 611 68.6251 -103.654 183.455
6 612 58.5716 -99.8757 183.455
6 613 48.2934 -96.1544 183.455
6 614 37.6872 -91.973 183.455
6 615 26.5465 -87.0865 183.455
6 616 15.5392 -81.7772 183.455
6 617 5.2212 -75.8192 183.455
6 618 -4.28038 -69.4549 183.455
6 619 -12.3004 -62.43 183.455
6 620 -19.3262 -54.4261 183.455
6 621 -26.0314 -46.4113 183.455
6 622 -32.5571 -38.1409 183.455
6 623 -38.3985 -29.5517 183.455
6 624 -43.6315 -20.4872 183.455
6 625 -48.4942 -10.9735 183.455
6 626 -53.4118 -1.37402 183.455
6 627 -59.337 7.01559 183.455
6 628 -65.4116 15.3525 183.455
6 629 -71.3543 24.2655 183.455
6 630 -77.4411 33.6543 183.455
6 631 -82.8367 43.6727 183.455
6 632 -88.0091 54.5738 183.455
6 633 -92.2232 65.381 183.455
6 634 -94.935 76.1625 183.455
6 635 -96.2455 86.9286 183.455
6 636 -97.2651 97.5571 183.455
6 637 -98.1183 107.909 183.455
6 638 -99.4113 118.496 183.455
6 639 -100.247 129.55 183.455
6 640 -100.373 141.491 183.455
6 641 -100.959 153.039 183.455
6 642 -102.42 164.113 183.455
6 643 -104.289 174.437 183.455
6 644 -106.259 184.698 183.455
6 645 -108.106 195.07 183.455
6 646 -109.628 206.352 183.455
6 647 -110.634 218.274 183.455
6 648 -111.419 230.897 183.455
6 649 -110.923 243.508 183.455
6 650 -109.42 255.315 183.455
6 651 -108.523 270.387 183.455
6 652 -110.756 278.601 183.455
6 653 -109.829 288.212 183.455
6 654 -108.054 298.64 183.455
6 655 -105.845 310.193 183.455
6 656 -103.137 322.111 183.455
6 657 -101.691 333.455 183.455
6 658 -100.846 343.931 183.455
6 659 -99.5068 353.499 183.455
6 660 -95.6668 361.281 183.455
6 661 -94.5037 370.842 183.455
6 662 -93.1053 381.191 183.455
6 663 -91.5551 392.536 183.455
7 702 106.879 -77.4433 184.769
7 703 95.9896 -74.93 184.769
7 704 84.2755 -72.3972 184.769
7 705 72.0736 -69.7353 184.769
7 706 59.9431 -67.426 184.769
7 707 47.7224 -65.0458 184.769
7 708 37.1222 -61.9897 184.769
7 709 27.616 -58.0136 184.769
7 710 19.2334 -53.6129 184.769
7 711 11.0134 -48.5958 184.769
7 712 2.46146 -42.8141 184.769
7 713 -6.36122 -36.0807 184.769
7 714 -14.56 -28.365 184.769
7 715 -22.3743 -19.4765 184.769
7 716 -30.3329 -11.2897 184.769
7 717 -38.2229 -4.22829 184.769
7 718 -45.5136 1.75436 184.769
7 719 -52.7775 8.20464 184.769
7 720 -59.9599 14.9175 184.769
7 721 -67.2659 22.55 184.769
7 722 -74.7353 30.5443 184.769
7 723 -81.8151 39.2002 184.769
7 724 -87.1091 48.2263 184.769
7 725 -90.7415 57.7048 184.769
7 726 -92.7648 67.3099 184.769
7 727 -94.3894 76.7849 184.769
7 728 -96.0849 86.5338 184.769
7 729 -97.264 96.4823 184.769
7 730 -97.7498 106.497 184.769
7 731 -98.0777 117.55 184.769
7 732 -98.7196 128.498 184.769
7 733 -100.14 139.046 184.769
7 734 -101.741 148.776 184.769
7 735 -103.496 158.041 184.769
7 736 -105.093 167.591 184.769
7 737 -106.529 177.945 184.769
7 738 -108.049 189.405 184.769
7 739 -109.84 201.893 184.769
7 740 -110.326 214.12 184.769
7 741 -109.909 226.156 184.769
7 742 -108.403 237.238 184.769
7 743 -107.08 247.073 184.769
7 744 -105.491 256.552 184.769
7 745 -103.568 266.118 184.769
7 746 -101.049 276.481 184.769
7 747 -98.0928 287.706 184.769
7 748 -95.549 299.07 184.769
7 749 -94.1099 310.472 184.769
7 750 -93.4005 320.499 184.769
7 751 -92.4896 330.104 184.769
7 752 -91.0786 340.351 184.769
7 753 -89.8551 350.568 184.769
7 754 -88.8313 361.415 184.769
7 755 -87.5718 373.479 184.769
7 756 -85.4774 385.343 184.769
8 797 112.636 -93.3266 169.99
8 798 101.634 -92.2925 169.99
8 799 91.6598 -90.3855 169.99
8 800 82.9049 -87.3635 169.99
8 801 74.175 -83.3078 169.99
8 802 65.0023 -78.781 169.99
8 803 54.9257 -73.9704 169.99
8 804 45.1592 -69.2487 169.99
8 805 35.4833 -63.8033 169.99
8 806 27.661 -58.4812 169.99
8 807 20.9724 -52.8247 169.99
8 808 14.2582 -47.4038 169.99
8 809 7.15904 -42.7731 169.99
8 810 -0.961785 -38.0434 169.99
8 811 -9.44479 -33.4443 169.99
8 812 -18.4245 -28.33 169.99
8 813 -26.8543 -23.0424 169.99
8 814 -34.6124 -17.0973 169.99
8 815 -41.0086 -10.3756 169.99
8 816 -45.5238 -2.08774 169.99
8 817 -48.8187 6.81797 169.99
8 818 -52.1127 15.793 169.99
8 819 -55.3691 24.7383 169.99
8 820 -58.5957 33.8236 169.99
8 821 -61.3769 42.7838 169.99
8 822 -63.4547 52.0663 169.99
8 823 -65.0679 61.9757 169.99
8 824 -66.9933 71.8466 169.99
8 825 -69.7792 81.5844 169.99
8 826 -72.9335 91.0823 169.99
8 827 -76.199 100.088 169.99
8 828 -79.5889 109.596 169.99
8 829 -82.6266 119.484 169.99
8 830 -84.3734 130.086 169.99
8 831 -84.3135 141.423 169.99
8 832 -82.544 152.956 169.99
8 833 -80.064 163.83 169.99
8 834 -77.7053 173.904 169.99
8 835 -75.6975 183.595 169.99
8 836 -73.7308 193.008 169.99
8 837 -71.764 202.779 169.99
8 838 -69.4278 212.494 169.99
8 839 -66.7747 223.227 169.99
8 840 -64.7579 234.888 169.99
8 841 -64.0965 246.326 169.99
8 842 -64.4676 256.495 169.99
8 843 -65.3473 265.624 169.99
8 844 -66.2111 274.929 169.99
8 845 -66.8276 284.977 169.99
8 846 -66.726 295.745 169.99
8 847 -66.0805 307.24 169.99
8 848 -63.0599 319.844 169.99
8 849 -59.4393 330.926 169.99
8 850 -55.9486 340.083 169.99
8 851 -52.6503 348.072 169.99
8 852 -48.9509 355.783 169.99
8 853 -45.3469 364.306 169.99
8 854 -41.7568 373.467 169.99
8 855 -37.6436 383.501 169.99
8 856 -33.472 394.429 169.99
8 857 -29.8182 405.123 169.99
9 878 123.576 -87.1023 162.9
9 879 113.772 -83.9531 162.9
9 880 104.489 -81.2713 162.9
9 881 95.4171 -79.33 162.9
9 882 86.4114 -77.111 162.9
9 883 77.1441 -74.527 162.9
9 884 67.4244 -71.7545 162.9
9 885 57.6706 -69.4068 162.9
9 886 48.3952 -67.15 162.9
9 887 39.728 -64.6077 162.9
9 888 31.557 -61.0305 162.9
9 889 23.8914 -56.4777 162.9
9 890 16.3647 -51.4289 162.9
9 891 9.01128 -46.0583 162.9
9 892 1.49108 -39.9632 162.9
9 893 -4.95689 -33.0464 162.9
9 894 -10.9336 -25.8888 162.9
9 895 -16.52 -18.5833 162.9
9 896 -21.979 -11.1129 162.9
9 897 -27.1394 -3.96496 162.9
9 898 -32.0186 3.17494 162.9
9 899 -36.8915 10.6908 162.9
9 900 -41.7207 18.4039 162.9
9 901 -46.892 26.2006 162.9
9 902 -52.1236 34.0298 162.9
9 903 -56.92 42.2435 162.9
9 904 -60.6968 50.8404 162.9
9 905 -63.3419 59.7457 162.9
9 906 -65.2375 68.3777 162.9
9 907 -66.9831 77.1955 162.9
9 908 -68.5127 85.7675 162.9
9 909 -69.2876 95.0188 162.9
9 910 -68.9086 104.428 162.9
9 911 -68.1735 114.389 162.9
9 912 -67.5798 124.427 162.9
9 913 -67.4278 134.245 162.9
9 914 -67.7361 144.254 162.9
9 915 -68.177 153.664 162.9
9 916 -68.9076 162.639 162.9
9 917 -69.5046 171.57 162.9
9 918 -70.5392 180.932 162.9
9 919 -71.3694 190.972 162.9
9 920 -71.9219 201.032 162.9
9 921 -71.5575 211.208 162.9
9 922 -70.5803 221.238 162.9
9 923 -69.7003 230.427 162.9
9 924 -68.9089 239.027 162.9
9 925 -68.11 247.531 162.9
9 926 -66.2396 256.502 162.9
9 927 -63.9319 266.297 162.9
9 928 -61.7937 276.495 162.9
9 929 -60.194 286.611 162.9
9 930 -59.1841 296.452 162.9
9 931 -58.4078 305.647 162.9
9 932 -57.6827 314.121 162.9
9 933 -57.1859 322.402 162.9
9 934 -56.9006 331.367 162.9
9 935 -56.5556 341.254 162.9
9 936 -55.8539 351.787 162.9
9 937 -54.3371 362.184 162.9
9 938 -52.2 372.103 162.9
9 939 -49.7086 381.21 162.9
9 940 -47.1789 389.382 162.9
9 941 -44.5364 397.014 162.9
9 942 -41.3107 404.515 162.9
10 980 117.89 -127.245 162.259
10 981 107.821 -124.295 162.259
10 982 97.519 -120.75 162.259
10 983 87.9986 -117.189 162.259
10 984 79.4789 -113.657 162.259
10 985 71.6066 -109.654 162.259
10 986 63.9859 -105.647 162.259
10 987 56.391 -101.965 162.259
10 988 48.5165 -97.7916 162.259
10 989 40.4357 -93.3653 162.259
10 990 32.0713 -88.8696 162.259
10 991 23.5175 -83.8475 162.259
10 992 15.7903 -77.9857 162.259
10 993 8.24187 -72.0773 162.259
10 994 1.26752 -65.2971 162.259
10 995 -5.01824 -58.1344 162.259
10 996 -11.0626 -50.5821 162.259
10 997 -16.7703 -43.0508 162.259
10 998 -22.3396 -35.9982 162.259
10 999 -27.7973 -28.7641 162.259
10 1000 -32.4399 -21.6188 162.259
10 1001 -37.0575 -14.202 162.259
10 1002 -41.4891 -6.17895 162.259
10 1003 -46.3282 1.77172 162.259
10 1004 -51.3933 9.51884 162.259
10 1005 -56.2893 17.11 162.259
10 1006 -61.0357 25.3337 162.259
10 1007 -65.4674 33.9961 162.259
10 1008 -69.4672 43.0016 162.259
10 1009 -73.4262 51.9485 162.259
10 1010 -77.1448 61.6259 162.259
10 1011 -80.038 71.2563 162.259
10 1012 -82.1511 80.2458 162.259
10 1013 -84.0032 88.8963 162.259
10 1014 -86.2818 97.1007 162.259
10 1015 -88.546 105.462 162.259
10 1016 -90.7765 114.286 162.259
10 1017 -92.7927 124.328 162.259
10 1018 -94.9914 134.185 162.259
10 1019 -97.4683 143.439 162.259
10 1020 -100.461 152.181 162.259
10 1021 -103.173 160.526 162.259
10 1022 -106.096 168.935 162.259
10 1023 -109.27 178.012 162.259
10 1024 -112.457 187.421 162.259
10 1025 -115.585 197.683 162.259
10 1026 -117.827 207.742 162.259
10 1027 -119.145 217.854 162.259
10 1028 -119.752 227.321 162.259
10 1029 -120.067 236.08 162.259
10 1030 -120.686 244.371 162.259
10 1031 -121.626 252.864 162.259
10 1032 -122.597 262.403 162.259
10 1033 -123.074 272.973 162.259
10 1034 -123.569 283.811 162.259
10 1035 -124.574 293.567 162.259
10 1036 -125.756 302.285 162.259
10 1037 -126.935 310.451 162.259
10 1038 -128.087 319.05 162.259
10 1039 -128.943 328.571 162.259
10 1040 -129.572 338.962 162.259
10 1041 -129.941 350.161 162.259
10 1042 -129.46 361.617 162.259
10 1043 -128.319 371.974 162.259
10 1044 -127.073 380.695 162.259
10 1045 -125.753 388.498 162.259
10 1046 -124.25 396.303 162.259
10 1047 -122.177 405.03 162.259
11 1086 109.198 -124.152 176.858
11 1087 100.774 -119.302 176.858
11 1088 92.9426 -114.274 176.858
11 1089 85.6359 -109.321 176.858
11 1090 78.7261 -105.057 176.858
11 1091 71.6473 -101.709 176.858
11 1092 64.1691 -98.4782 176.858
11 1093 56.1322 -94.9848 176.858
11 1094 48.6774 -91.1776 176.858
11 1095 41.0142 -86.9541 176.858
11 1096 33.6226 -82.7143 176.858
11 1097 26.7669 -77.7436 176.858
11 1098 20.4483 -72.2593 176.858
11 1099 14.7579 -66.4488 176.858
11 1100 9.51994 -59.6522 176.858
11 1101 4.4661 -52.6347 176.858
11 1102 -0.879527 -45.3248 176.858
11 1103 -5.86902 -37.6233 176.858
11 1104 -11.0389 -29.5609 176.858
11 1105 -16.2911 -21.334 176.858
11 1106 -20.7949 -12.8624 176.858
11 1107 -24.6522 -4.48306 176.858
11 1108 -29.2027 2.87116 176.858
11 1109 -33.961 9.36279 176.858
11 1110 -38.7167 15.3381 176.858
11 1111 -43.1981 22.2407 176.858
11 1112 -47.4703 29.529 176.858
11 1113 -51.4029 38.0117 176.858
11 1114 -54.2224 47.1604 176.858
11 1115 -56.4969 56.7102 176.858
11 1116 -58.0316 66.2818 176.858
11 1117 -58.9435 75.6764 176.858
11 1118 -59.5847 84.6549 176.858
11 1119 -59.8465 93.3804 176.858
11 1120 -59.8158 101.681 176.858
11 1121 -59.0953 109.962 176.858
11 1122 -57.86 119.022 176.858
11 1123 -56.0313 128.319 176.858
11 1124 -54.3905 136.818 176.858
11 1125 -53.8857 145.154 176.858
11 1126 -54.2302 153.511 176.858
11 1127 -55.3301 162.243 176.858
11 1128 -56.8511 171.196 176.858
11 1129 -58.4942 180.466 176.858
11 1130 -59.8219 190.121 176.858
11 1131 -60.2034 200.34 176.858
11 1132 -60.4261 209.738 176.858
11 1133 -60.0313 219.368 176.858
11 1134 -59.6578 228.482 176.858
11 1135 -59.6795 236.523 176.858
11 1136 -58.8778 244.877 176.858
11 1137 -57.8145 253.51 176.858
11 1138 -56.5286 262.919 176.858
11 1139 -55.1369 273.239 176.858
11 1140 -54.1107 283.193 176.858
11 1141 -53.6295 292.96 176.858
11 1142 -53.9454 302.442 176.858
11 1143 -54.867 311.101 176.858
11 1144 -55.8359 319.581 176.858
11 1145 -56.8146 328.154 176.858
11 1146 -58.0139 336.884 176.858
11 1147 -59.3191 345.789 176.858
11 1148 -60.2016 354.979 176.858
11 1149 -60.4097 364.304 176.858
11 1150 -60.1527 373.483 176.858
11 1151 -59.7542 381.825 176.858
11 1152 -59.3049 389.192 176.858
11 1153 -58.4671 396.072 176.858
11 1154 -58.47 386.128 176.858
11 1155 -56.4422 394.681 176.858
12 1189 114.279 -103.12 171.737
12 1190 104.744 -98.7372 171.737
12 1191 94.6015 -93.7733 171.737
12 1192 84.4305 -88.0833 171.737
12 1193 74.5828 -82.023 171.737
12 1194 65.0079 -76.1007 171.737
12 1195 55.6196 -72.2992 171.737
12 1196 46.5605 -69.1487 171.737
12 1197 37.2424 -65.558 171.737
12 1198 27.2393 -61.4839 171.737
12 1199 17.052 -57.2245 171.737
12 1200 7.5174 -52.3546 171.737
12 1201 -0.793646 -46.5023 171.737
12 1202 -6.76067 -39.4426 171.737
12 1203 -11.4251 -32.0953 171.737
12 1204 -15.7995 -24.2351 171.737
12 1205 -20.226 -16.2998 171.737
12 1206 -24.406 -7.5213 171.737
12 1207 -28.2789 1.74399 171.737
12 1208 -31.7791 11.8881 171.737
12 1209 -35.63 21.6953 171.737
12 1210 -40.1063 30.4505 171.737
12 1211 -44.999 38.9369 171.737
12 1212 -49.9844 47.9934 171.737
12 1213 -55.575 57.2652 171.737
12 1214 -61.2987 67.0919 171.737
12 1215 -66.2094 77.1165 171.737
12 1216 -69.5453 86.9314 171.737
12 1217 -70.9448 96.9346 171.737
12 1218 -71.0727 106.979 171.737
12 1219 -70.9378 116.309 171.737
12 1220 -70.8018 125.54 171.737
12 1221 -70.8284 135.363 171.737
12 1222 -70.2115 145.89 171.737
12 1223 -68.9512 157.337 171.737
12 1224 -68.1959 169.74 171.737
12 1225 -68.8221 181.445 171.737
12 1226 -70.1238 192.18 171.737
12 1227 -71.3404 202.462 171.737
12 1228 -72.7207 212.376 171.737
12 1229 -74.5716 222.731 171.737
12 1230 -76.01 233.756 171.737
12 1231 -76.4217 244.592 171.737
12 1232 -75.2126 255.712 171.737
12 1233 -72.8029 266.494 171.737
12 1234 -70.3837 276.419 171.737
12 1235 -68.2504 285.89 171.737
12 1236 -65.8889 295.41 171.737
12 1237 -62.6201 305.309 171.737
12 1238 -58.4127 316.731 171.737
12 1239 -54.652 329.04 171.737
12 1240 -52.7127 341.401 171.737
12 1241 -51.7973 352.715 171.737
12 1242 -51.0737 362.837 171.737
12 1243 -50.5584 372.187 171.737
12 1244 -50.447 381.6 171.737
12 1245 -49.9136 391.895 171.737
12 1246 -48.1423 402.1 171.737
13 1281 106.305 -112.145 188.5
13 1282 97.6652 -108.635 188.5
13 1283 88.4265 -104.572 188.5
13 1284 78.304 -100.043 188.5
13 1285 67.6966 -94.9958 188.5
13 1286 57.2726 -89.9175 188.5
13 1287 47.1996 -85.3655 188.5
13 1288 38.0443 -80.9027 188.5
13 1289 29.2234 -76.5422 188.5
13 1290 20.5673 -72.3148 188.5
13 1291 11.5 -67.6455 188.5
13 1292 1.56115 -62.183 188.5
13 1293 -8.36858 -56.8386 188.5
13 1294 -18.3955 -51.2185 188.5
13 1295 -27.3275 -45.3141 188.5
13 1296 -34.7874 -39.4504 188.5
13 1297 -41.0225 -32.8849 188.5
13 1298 -45.8804 -25.9572 188.5
13 1299 -49.8768 -18.2285 188.5
13 1300 -53.9403 -10.6456 188.5
13 1301 -58.3985 -2.29721 188.5
13 1302 -62.71 6.36385 188.5
13 1303 -66.3237 15.3908 188.5
13 1304 -69.543 25.0794 188.5
13 1305 -72.378 34.4927 188.5
13 1306 -75.9291 44.1505 188.5
13 1307 -79.3045 53.4803 188.5
13 1308 -83.2778 63.0299 188.5
13 1309 -87.5812 73.0364 188.5
13 1310 -92.027 83.2952 188.5
13 1311 -96.3389 93.4294 188.5
13 1312 -99.8287 103.899 188.5
13 1313 -102.412 113.901 188.5
13 1314 -103.645 123.962 188.5
13 1315 -103.126 134.585 188.5
13 1316 -102.37 144.801 188.5
13 1317 -101.578 154.792 188.5
13 1318 -100.788 164.559 188.5
13 1319 -99.7042 175.093 188.5
13 1320 -98.5923 186.225 188.5
13 1321 -97.2373 198.157 188.5
13 1322 -96.3609 209.841 188.5
13 1323 -96.107 221.62 188.5
13 1324 -96.1754 233.065 188.5
13 1325 -96.5785 243.892 188.5
13 1326 -98.5719 253.837 188.5
13 1327 -99.4208 263.712 188.5
13 1328 -100.288 274.086 188.5
13 1329 -100.358 285.634 188.5
13 1330 -99.6721 297.143 188.5
13 1331 -97.7868 308.883 188.5
13 1332 -94.8828 320.302 188.5
13 1333 -91.746 331.101 188.5
13 1334 -88.7957 341.096 188.5
13 1335 -85.9681 350.679 188.5
13 1336 -82.8982 360.364 188.5
13 1337 -79.7609 370.849 188.5
13 1338 -75.6084 382.589 188.5
14 1385 106.136 -128.057 180.265
14 1386 95.9193 -126.545 180.265
14 1387 86.5145 -125.135 180.265
14 1388 77.7525 -123.196 180.265
14 1389 69.7751 -120.572 180.265
14 1390 62.0519 -117.724 180.265
14 1391 53.8514 -114.357 180.265
14 1392 45.5282 -110.429 180.265
14 1393 36.7305 -105.838 180.265
14 1394 28.2812 -101.157 180.265
14 1395 20.2207 -96.0423 180.265
14 1396 12.5863 -91.1209 180.265
14 1397 5.3905 -86.5916 180.265
14 1398 -1.54946 -82.2463 180.265
14 1399 -8.65662 -77.6372 180.265
14 1400 -15.9753 -72.5104 180.265
14 1401 -23.7281 -66.9055 180.265
14 1402 -31.6448 -61.0977 180.265
14 1403 -39.245 -54.7564 180.265
14 1404 -46.1295 -48.1037 180.265
14 1405 -51.7664 -41.7466 180.265
14 1406 -56.6164 -34.9794 180.265
14 1407 -61.1646 -28.027 180.265
14 1408 -65.7659 -20.8828 180.265
14 1409 -70.1196 -13.2041 180.265
14 1410 -74.238 -5.05817 180.265
14 1411 -78.0072 3.58703 180.265
14 1412 -81.0099 12.8 180.265
14 1413 -84.026 21.8937 180.265
14 1414 -87.161 30.6946 180.265
14 1415 -90.1009 39.0561 180.265
14 1416 -93.3933 47.3053 180.265
14 1417 -96.8345 55.72 180.265
14 1418 -100.392 64.1969 180.265
14 1419 -103.944 72.7597 180.265
14 1420 -107.24 81.9699 180.265
14 1421 -110.191 91.484 180.265
14 1422 -112.491 100.908 180.265
14 1423 -113.892 110.522 180.265
14 1424 -114.96 119.624 180.265
14 1425 -115.91 128.525 180.265
14 1426 -116.913 137.29 180.265
14 1427 -117.386 145.942 180.265
14 1428 -117.523 155.23 180.265
14 1429 -117.244 165.197 180.265
14 1430 -117.014 175.191 180.265
14 1431 -117.206 184.991 180.265
14 1432 -117.456 194.782 180.265
14 1433 -117.779 204.079 180.265
14 1434 -118.294 213.076 180.265
14 1435 -118.889 221.86 180.265
14 1436 -119.565 230.904 180.265
14 1437 -120.132 240.443 180.265
14 1438 -120.462 250.685 180.265
14 1439 -120.69 260.967 180.265
14 1440 -120.282 271.126 180.265
14 1441 -119.747 280.535 180.265
14 1442 -119.188 288.995 180.265
14 1443 -118.537 297.001 180.265
14 1444 -117.632 304.955 180.265
14 1445 -116.356 313.253 180.265
14 1446 -114.678 322.767 180.265
14 1447 -112.907 332.857 180.265
14 1448 -111.521 342.825 180.265
14 1449 -110.249 352.717 180.265
14 1450 -109.017 361.898 180.265
14 1451 -107.951 370.486 180.265
14 1452 -106.943 378.429 180.265
14 1453 -106.077 386.438 180.265
14 1454 -104.908 395.03 180.265
15 1486 115.375 -104.832 167.855
15 1487 105.104 -101.276 167.855
15 1488 95.7303 -96.8726 167.855
15 1489 86.426 -93.0889 167.855
15 1490 77.7647 -90.069 167.855
15 1491 68.5602 -87.2593 167.855
15 1492 58.7204 -84.1653 167.855
15 1493 48.6277 -80.8238 167.855
15 1494 38.351 -77.2834 167.855
15 1495 28.4216 -73.6659 167.855
15 1496 19.1387 -69.9673 167.855
15 1497 11.1155 -65.9243 167.855
15 1498 3.895 -61.127 167.855
15 1499 -2.88129 -55.8284 167.855
15 1500 -9.92207 -50.409 167.855
15 1501 -16.7924 -44.8603 167.855
15 1502 -23.7652 -38.8984 167.855
15 1503 -30.0525 -32.5657 167.855
15 1504 -35.7416 -25.8 167.855
15 1505 -41.3397 -18.2102 167.855
15 1506 -46.8977 -11.4632 167.855
15 1507 -52.1003 -4.48429 167.855
15 1508 -57.3181 2.27141 167.855
15 1509 -62.4316 9.46825 167.855
15 1510 -67.5664 16.7916 167.855
15 1511 -72.5749 24.3882 167.855
15 1512 -77.1153 32.6215 167.855
15 1513 -80.9986 41.2568 167.855
15 1514 -83.8638 49.7126 167.855
15 1515 -86.4023 58.2666 167.855
15 1516 -88.3678 66.9139 167.855
15 1517 -89.7837 75.5465 167.855
15 1518 -90.2314 84.5658 167.855
15 1519 -90.1049 93.6771 167.855
15 1520 -89.328 103.3 167.855
15 1521 -88.3833 113.068 167.855
15 1522 -88.3365 122.575 167.855
15 1523 -88.6821 131.365 167.855
15 1524 -89.0064 139.798 167.855
15 1525 -89.4978 148.662 167.855
15 1526 -89.9502 157.386 167.855
15 1527 -90.1093 166.451 167.855
15 1528 -89.9115 176.326 167.855
15 1529 -89.136 186.335 167.855
15 1530 -87.7741 196.256 167.855
15 1531 -86.0036 205.601 167.855
15 1532 -84.2278 214.401 167.855
15 1533 -81.9668 222.697 167.855
15 1534 -79.3945 231.156 167.855
15 1535 -76.1864 239.786 167.855
15 1536 -72.7518 249.33 167.855
15 1537 -68.8462 259.768 167.855
15 1538 -65.7345 270.304 167.855
15 1539 -63.803 280.004 167.855
15 1540 -62.5538 289.078 167.855
15 1541 -61.5298 297.833 167.855
15 1542 -60.7607 306.903 167.855
15 1543 -60.2817 316.553 167.855
15 1544 -59.7913 327.156 167.855
15 1545 -58.8872 338.69 167.855
15 1546 -56.7153 349.653 167.855
15 1547 -54.1208 359.252 167.855
15 1548 -51.7736 367.847 167.855
15 1549 -49.5788 376.101 167.855
15 1550 -47.124 384.494 167.855
15 1551 -44.3155 393.443 167.855
15 1552 -40.9176 403.418 167.855
16 1586 117.221 -85.5281 175.017
16 1587 106.024 -84.1738 175.017
16 1588 94.1665 -82.4017 175.017
16 1589 82.4679 -80.5341 175.017
16 1590 71.7962 -78.5272 175.017
16 1591 62.3797 -76.1948 175.017
16 1592 53.6948 -72.601 175.017
16 1593 45.8046 -68.0164 175.017
16 1594 38.0976 -63.1663 175.017
16 1595 30.0127 -57.9719 175.017
16 1596 21.7672 -52.4903 175.017
16 1597 14.2636 -46.1636 175.017
16 1598 8.06057 -39.181 175.017
16 1599 1.83896 -32.0876 175.017
16 1600 -3.83137 -25.226 175.017
16 1601 -9.69923 -19.3244 175.017
16 1602 -16.2437 -13.3941 175.017
16 1603 -23.56 -6.9735 175.017
16 1604 -31.0458 -0.61143 175.017
16 1605 -38.6261 6.30145 175.017
16 1606 -45.1249 12.4959 175.017
16 1607 -50.7656 18.7995 175.017
16 1608 -55.2899 26.4611 175.017
16 1609 -58.9787 34.8792 175.017
16 1610 -62.4991 42.8385 175.017
16 1611 -66.1331 51.1819 175.017
16 1612 -69.4013 59.713 175.017
16 1613 -71.541 68.2618 175.017
16 1614 -72.6677 77.7116 175.017
16 1615 -73.7818 87.1336 175.017
16 1616 -75.1524 96.7891 175.017
16 1617 -77.447 106.055 175.017
16 1618 -80.1474 114.984 175.017
16 1619 -82.9432 124.029 175.017
16 1620 -85.5267 133.101 175.017
16 1621 -87.5967 142.059 175.017
16 1622 -89.194 150.999 175.017
16 1623 -90.0593 160.221 175.017
16 1624 -89.4355 170.383 175.017
16 1625 -87.9406 180.168 175.017
16 1626 -86.5243 189.23 175.017
16 1627 -85.4878 197.719 175.017
16 1628 -83.6162 206.177 175.017
16 1629 -81.1748 215.136 175.017
16 1630 -78.0836 224.904 175.017
16 1631 -74.8465 235.227 175.017
16 1632 -72.5817 246.192 175.017
16 1633 -71.4775 256.657 175.017
16 1634 -71.2094 266.381 175.017
16 1635 -71.5282 275.329 175.017
16 1636 -71.0164 284.887 175.017
16 1637 -71.2451 294.257 175.017
16 1638 -71.0093 303.876 175.017
16 1639 -70.3134 313.283 175.017
16 1640 -68.3914 323.359 175.017
16 1641 -65.9655 333.141 175.017
16 1642 -63.7088 341.883 175.017
16 1643 -61.7458 349.939 175.017
16 1644 -59.6549 358.044 175.017
16 1645 -57.051 367.078 175.017
16 1646 -53.8607 377.082 175.017
16 1647 -50.6364 387.479 175.017
16 1648 -47.9048 398.974 175.017
17 1687 118.24 -120.237 160.651
17 1688 108.349 -120.049 160.651
17 1689 98.545 -119.536 160.651
17 1690 89.3038 -118.381 160.651
17 1691 80.5612 -116.74 160.651
17 1692 71.7439 -114.753 160.651
17 1693 63.3099 -112.545 160.651
17 1694 55.1924 -110.074 160.651
17 1695 47.2939 -107.275 160.651
17 1696 39.5435 -104.176 160.651
17 1697 31.4429 -100.531 160.651
17 1698 23.4871 -97.6919 160.651
17 1699 15.4343 -94.8346 160.651
17 1700 7.30922 -91.8546 160.651
17 1701 -0.797151 -88.456 160.651
17 1702 -9.00207 -84.7651 160.651
17 1703 -16.8567 -80.7641 160.651
17 1704 -24.451 -76.8303 160.651
17 1705 -31.9987 -72.4879 160.651
17 1706 -38.8696 -67.5783 160.651
17 1707 -45.6119 -62.0409 160.651
17 1708 -52.2091 -56.253 160.651
17 1709 -58.5052 -50.3195 160.651
17 1710 -64.2215 -43.8295 160.651
17 1711 -69.2453 -37.2465 160.651
17 1712 -73.7494 -29.9081 160.651
17 1713 -78.2395 -22.323 160.651
17 1714 -82.8035 -14.1994 160.651
17 1715 -88.0285 -6.35816 160.651
17 1716 -93.4933 1.73794 160.651
17 1717 -98.4608 10.0434 160.651
17 1718 -103.53 18.3096 160.651
17 1719 -108.701 26.7382 160.651
17 1720 -113.595 35.8245 160.651
17 1721 -118.683 45.0677 160.651
17 1722 -123.203 54.4787 160.651
17 1723 -126.805 64.0866 160.651
17 1724 -129.409 73.3846 160.651
17 1725 -131.332 82.3914 160.651
17 1726 -133.157 91.7226 160.651
17 1727 -134.365 101.124 160.651
17 1728 -134.762 111.067 160.651
17 1729 -134.65 121.482 160.651
17 1730 -134.391 132.408 160.651
17 1731 -135 143.557 160.651
17 1732 -136.185 154.234 160.651
17 1733 -136.789 163.992 160.651
17 1734 -137.135 173.319 160.651
17 1735 -137.866 182.8 160.651
17 1736 -139.105 193.418 160.651
17 1737 -140.618 204.913 160.651
17 1738 -141.89 216.639 160.651
17 1739 -142.051 227.859 160.651
17 1740 -141.458 238.203 160.651
17 1741 -140.273 247.248 160.651
17 1742 -138.893 256.411 160.651
17 1743 -137.319 265.812 160.651
17 1744 -135.275 275.35 160.651
17 1745 -132.929 285.474 160.651
17 1746 -130.737 296.688 160.651
17 1747 -129.163 307.785 160.651
17 1748 -128.073 317.986 160.651
17 1749 -127.321 327.321 160.651
17 1750 -126.669 336.107 160.651
17 1751 -126.008 345.141 160.651
17 1752 -124.996 354.992 160.651
17 1753 -123.628 365.635 160.651
17 1754 -121.906 377.087 160.651
17 1755 -119.736 387.721 160.651
17 1756 -117.072 396.868 160.651
17 1757 -114.482 404.963 160.651
18 1809 116.523 -116.134 165.641
18 1810 108.534 -115.222 165.641
18 1811 100.06 -114.091 165.641
18 1812 91.1945 -112.901 165.641
18 1813 82.0675 -112.204 165.641
18 1814 72.8632 -112.233 165.641
18 1815 63.9028 -112.344 165.641
18 1816 55.7397 -111.3 165.641
18 1817 48.5853 -108.565 165.641
18 1818 41.9957 -104.871 165.641
18 1819 35.3441 -100.622 165.641
18 1820 28.8092 -95.8474 165.641
18 1821 22.4286 -90.5201 165.641
18 1822 16.5195 -85.1248 165.641
18 1823 10.8809 -79.6244 165.641
18 1824 5.33408 -74.4864 165.641
18 1825 -0.0365782 -70.4306 165.641
18 1826 -5.23328 -66.684 165.641
18 1827 -11.203 -62.8137 165.641
18 1828 -17.5647 -58.5719 165.641
18 1829 -24.5177 -53.9419 165.641
18 1830 -32.1305 -49.3079 165.641
18 1831 -40.0554 -44.783 165.641
18 1832 -47.4599 -39.9403 165.641
18 1833 -53.0346 -34.3981 165.641
18 1834 -56.3717 -27.9554 165.641
18 1835 -58.9441 -21.0004 165.641
18 1836 -61.3752 -13.5353 165.641
18 1837 -63.6986 -5.73432 165.641
18 1838 -65.5673 2.32249 165.641
18 1839 -67.497 10.4891 165.641
18 1840 -69.3092 18.7965 165.641
18 1841 -71.4544 26.0826 165.641
18 1842 -74.1993 33.0555 165.641
18 1843 -77.2096 39.5503 165.641
18 1844 -80.297 46.6076 165.641
18 1845 -83.3948 53.3553 165.641
18 1846 -87.2403 60.425 165.641
18 1847 -91.3569 67.6272 165.641
18 1848 -95.2495 74.9281 165.641
18 1849 -98.1209 83.3665 165.641
18 1850 -99.518 92.0384 165.641
18 1851 -99.6812 100.624 165.641
18 1852 -99.5075 108.888 165.641
18 1853 -99.214 117.353 165.641
18 1854 -98.5532 125.439 165.641
18 1855 -97.5346 133.79 165.641
18 1856 -96.526 142.857 165.641
18 1857 -95.9775 152.107 165.641
18 1858 -96.5579 160.845 165.641
18 1859 -97.6417 169.155 165.641
18 1860 -98.508 176.87 165.641
18 1861 -99.434 184.356 165.641
18 1862 -100.718 191.731 165.641
18 1863 -102.698 199.276 165.641
18 1864 -104.577 208.065 165.641
18 1865 -106.126 217.399 165.641
18 1866 -106.095 226.833 165.641
18 1867 -104.907 235.448 165.641
18 1868 -103.26 243.516 165.641
18 1869 -101.574 251.11 165.641
18 1870 -99.8997 258.629 165.641
18 1871 -98.0627 266.012 165.641
18 1872 -96.1151 273.762 165.641
18 1873 -94.2814 281.878 165.641
18 1874 -92.5035 290.578 165.641
18 1875 -91.4415 299.531 165.641
18 1876 -90.9895 307.984 165.641
18 1877 -90.7526 315.823 165.641
18 1878 -90.6543 323.247 165.641
18 1879 -90.843 330.812 165.641
18 1880 -91.3202 338.935 165.641
18 1881 -91.7471 348.168 165.641
18 1882 -91.7226 357.9 165.641
18 1883 -90.2914 367.924 165.641
18 1884 -87.8326 376.678 165.641
18 1885 -84.9811 384.418 165.641
18 1886 -81.8754 391.298 165.641
18 1887 -78.7341 397.499 165.641
18 1888 -75.5859 403.709 165.641
19 1915 110.062 -61.9726 176.674
19 1916 101.048 -62.0772 176.674
19 1917 90.3349 -60.867 176.674
19 1918 79.4074 -59.1098 176.674
19 1919 69.4391 -58.1915 176.674
19 1920 59.9846 -57.3181 176.674
19 1921 51.8828 -55.0088 176.674
19 1922 44.5761 -51.238 176.674
19 1923 37.598 -46.8841 176.674
19 1924 29.8539 -42.1618 176.674
19 1925 22.2123 -36.4895 176.674
19 1926 15.028 -29.5762 176.674
19 1927 9.49007 -22.0569 176.674
19 1928 3.6334 -16.2028 176.674
19 1929 -1.94068 -12.5249 176.674
19 1930 -7.56228 -10.7443 176.674
19 1931 -12.4814 -7.68871 176.674
19 1932 -18.0851 -2.11689 176.674
19 1933 -24.9287 4.62524 176.674
19 1934 -32.9881 12.6904 176.674
19 1935 -41.3087 19.9128 176.674
19 1936 -48.4041 27.6779 176.674
19 1937 -52.424 36.0941 176.674
19 1938 -54.1052 44.8734 176.674
19 1939 -54.3233 53.8488 176.674
19 1940 -54.4734 62.9253 176.674
19 1941 -54.6983 71.6789 176.674
19 1942 -55.0281 80.8514 176.674
19 1943 -54.6452 90.0801 176.674
19 1944 -53.3025 99.5721 176.674
19 1945 -52.0972 108.887 176.674
19 1946 -52.0132 118.081 176.674
19 1947 -52.8173 126.772 176.674
19 1948 -54.1035 135.397 176.674
19 1949 -56.1548 143.965 176.674
19 1950 -57.8447 153.341 176.674
19 1951 -59.5978 163.834 176.674
19 1952 -61.589 175.079 176.674
19 1953 -63.5507 187.059 176.674
19 1954 -64.2914 199.33 176.674
19 1955 -62.3864 210.106 176.674
19 1956 -59.3687 220.473 176.674
19 1957 -56.1189 229.372 176.674
19 1958 -53.2663 237.657 176.674
19 1959 -50.7257 246.202 176.674
19 1960 -48.1456 255.565 176.674
19 1961 -45.436 265.574 176.674
19 1962 -43.1424 275.498 176.674
19 1963 -41.5461 284.807 176.674
19 1964 -40.8486 294.351 176.674
19 1965 -41.0983 302.754 176.674
19 1966 -42.2357 312.45 176.674
19 1967 -43.1821 318.234 176.674
19 1968 -43.9179 324.845 176.674
19 1969 -44.3199 332.606 176.674
19 1970 -44.5565 341.233 176.674
19 1971 -44.5077 350.189 176.674
19 1972 -43.2245 359.481 176.674
19 1973 -40.8893 368.909 176.674
19 1974 -38.3273 377.493 176.674
19 1975 -36.1944 385.066 176.674
19 1976 -34.3883 392.432 176.674
19 1977 -32.1506 400.771 176.674
20 2002 112.794 -97.3337 181.954
20 2003 100.906 -95.606 181.954
20 2004 90.2372 -92.9374 181.954
20 2005 80.433 -88.6922 181.954
20 2006 70.8911 -83.2559 181.954
20 2007 61.1733 -77.2142 181.954
20 2008 51.0239 -70.8024 181.954
20 2009 40.8264 -64.1172 181.954
20 2010 31.1402 -56.9498 181.954
20 2011 22.8243 -49.1511 181.954
20 2012 15.5797 -41.1663 181.954
20 2013 8.9651 -33.6386 181.954
20 2014 1.71297 -27.1462 181.954
20 2015 -5.51809 -21.1686 181.954
20 2016 -13.7837 -15.1487 181.954
20 2017 -22.3621 -8.10469 181.954
20 2018 -31.0767 -0.654776 181.954
20 2019 -38.7444 8.14418 181.954
20 2020 -45.4226 17.0579 181.954
20 2021 -50.8877 26.6878 181.954
20 2022 -54.6655 36.8678 181.954
20 2023 -57.9818 46.9835 181.954
20 2024 -61.0247 56.6873 181.954
20 2025 -64.1742 66.5179 181.954
20 2026 -66.5321 77.1934 181.954
20 2027 -68.1384 88.6629 181.954
20 2028 -69.0582 100.37 181.954
20 2029 -69.3471 112.143 181.954
20 2030 -69.8425 124.064 181.954
20 2031 -70.9767 134.613 181.954
20 2032 -72.4173 144.6 181.954
20 2033 -74.2147 154.333 181.954
20 2034 -76.3947 164.719 181.954
20 2035 -78.6135 175.733 181.954
20 2036 -80.513 187.646 181.954
20 2037 -81.5558 199.339 181.954
20 2038 -81.0321 211.126 181.954
20 2039 -79.6886 222.363 181.954
20 2040 -78.2982 232.484 181.954
20 2041 -76.9967 241.676 181.954
20 2042 -75.433 251.224 181.954
20 2043 -73.1999 261.666 181.954
20 2044 -70.2208 273.162 181.954
20 2045 -67.1743 284.869 181.954
20 2046 -64.7098 296.983 181.954
20 2047 -63.0745 309.447 181.954
20 2048 -62.6437 320.857 181.954
20 2049 -62.6363 331.023 181.954
20 2050 -62.607 340.626 181.954
20 2051 -62.2446 350.829 181.954
20 2052 -61.4865 362.187 181.954
20 2053 -60.1042 374.189 181.954
20 2054 -57.8884 385.852 181.954
21 2098 114.833 -127.816 173.412
21 2099 104.447 -125.287 173.412
21 2100 94.0064 -122.25 173.412
21 2101 83.9629 -118.837 173.412
21 2102 74.7036 -114.976 173.412
21 2103 65.9628 -111.192 173.412
21 2104 57.3886 -107.988 173.412
21 2105 48.6068 -105.286 173.412
21 2106 39.4212 -102.557 173.412
21 2107 29.7549 -99.7108 173.412
21 2108 19.7878 -96.4856 173.412
21 2109 9.88954 -92.9868 173.412
21 2110 0.437659 -88.9894 173.412
21 2111 -8.75284 -84.8559 173.412
21 2112 -16.6816 -79.9537 173.412
21 2113 -23.323 -74.3299 173.412
21 2114 -29.3143 -68.063 173.412
21 2115 -35.356 -61.6864 173.412
21 2116 -41.4964 -54.4632 173.412
21 2117 -46.9864 -46.4522 173.412
21 2118 -51.6625 -37.7817 173.412
21 2119 -55.2978 -28.14 173.412
21 2120 -58.8565 -18.6432 173.412
21 2121 -62.2262 -9.67648 173.412
21 2122 -65.852 -1.48927 173.412
21 2123 -69.7341 6.65685 173.412
21 2124 -73.9167 14.543 173.412
21 2125 -78.3519 22.9775 173.412
21 2126 -83.1131 31.7836 173.412
21 2127 -87.7557 40.689 173.412
21 2128 -92.0379 50.0485 173.412
21 2129 -95.1284 59.5403 173.412
21 2130 -96.7961 69.1811 173.412
21 2131 -97.9289 78.4359 173.412
21 2132 -98.9846 87.4179 173.412
21 2133 -99.8065 96.8415 173.412
21 2134 -100.099 106.588 173.412
21 2135 -99.8446 117.268 173.412
21 2136 -98.4039 128.223 173.412
21 2137 -97.0755 138.911 173.412
21 2138 -96.519 149.459 173.412
21 2139 -96.6803 159.517 173.412
21 2140 -97.0925 169.084 173.412
21 2141 -98.3023 178.451 173.412
21 2142 -100.055 187.795 173.412
21 2143 -101.986 197.661 173.412
21 2144 -103.734 207.745 173.412
21 2145 -105.191 218.474 173.412
21 2146 -105.676 229.123 173.412
21 2147 -105.455 239.9 173.412
21 2148 -105.117 249.914 173.412
21 2149 -104.625 259.22 173.412
21 2150 -103.792 268.228 173.412
21 2151 -102.275 277.202 173.412
21 2152 -99.9581 286.744 173.412
21 2153 -96.9157 297.227 173.412
21 2154 -93.7406 308.217 173.412
21 2155 -91.3034 319.341 173.412
21 2156 -89.6281 330.209 173.412
21 2157 -88.484 340.396 173.412
21 2158 -87.7854 349.778 173.412
21 2159 -87.4544 359.037 173.412
21 2160 -87.3549 368.862 173.412
21 2161 -86.909 379.542 173.412
21 2162 -86.0028 390.92 173.412
21 2163 -84.5719 402.659 173.412
22 2204 117.644 -130.901 161.81
22 2205 109.495 -129.998 161.81
22 2206 101.606 -129.704 161.81
22 2207 93.2932 -129.475 161.81
22 2208 84.2526 -129.184 161.81
22 2209 74.5496 -128.703 161.81
22 2210 64.4475 -128.119 161.81
22 2211 54.5682 -127.48 161.81
22 2212 45.5835 -126.421 161.81
22 2213 37.8648 -123.959 161.81
22 2214 30.6564 -120.83 161.81
22 2215 23.4898 -116.723 161.81
22 2216 15.9915 -112.242 161.81
22 2217 7.96678 -106.946 161.81
22 2218 0.246696 -101.205 161.81
22 2219 -6.75887 -94.9816 161.81
22 2220 -12.8689 -88.8899 161.81
22 2221 -18.3057 -84.0776 161.81
22 2222 -24.0158 -79.678 161.81
22 2223 -29.82 -74.9296 161.81
22 2224 -35.9566 -69.3241 161.81
22 2225 -42.2045 -63.0047 161.81
22 2226 -48.6832 -56.1004 161.81
22 2227 -55.1559 -49.1594 161.81
22 2228 -60.9659 -41.615 161.81
22 2229 -65.2524 -34.2265 161.81
22 2230 -67.5596 -25.9455 161.81
22 2231 -69.0229 -17.5783 161.81
22 2232 -70.5269 -9.29939 161.81
22 2233 -72.2463 -0.379844 161.81
22 2234 -73.7313 9.10419 161.81
22 2235 -74.4945 18.8863 161.81
22 2236 -74.9741 28.7591 161.81
22 2237 -75.7542 37.5494 161.81
22 2238 -77.7572 45.634 161.81
22 2239 -80.1256 53.5223 161.81
22 2240 -82.4298 61.4952 161.81
22 2241 -85.12 69.8072 161.81
22 2242 -88.1315 78.4434 161.81
22 2243 -91.2752 87.6694 161.81
22 2244 -94.2668 97.4601 161.81
22 2245 -96.1533 107.476 161.81
22 2246 -96.2692 117.159 161.81
22 2247 -95.2505 126.766 161.81
22 2248 -94.0899 136.089 161.81
22 2249 -93.3828 145.225 161.81
22 2250 -92.8205 154.361 161.81
22 2251 -91.7673 164.003 161.81
22 2252 -90.3046 174.267 161.81
22 2253 -89.0809 184.939 161.81
22 2254 -89.1544 194.624 161.81
22 2255 -89.8996 204.365 161.81
22 2256 -91.3132 213.501 161.81
22 2257 -92.6168 222.31 161.81
22 2258 -94.4078 231.615 161.81
22 2259 -96.4874 241.764 161.81
22 2260 -98.5189 251.546 161.81
22 2261 -99.8738 262.285 161.81
22 2262 -99.7814 272.923 161.81
22 2263 -98.4015 283.264 161.81
22 2264 -96.8526 292.893 161.81
22 2265 -95.649 301.729 161.81
22 2266 -94.5856 310.41 161.81
22 2267 -93.2341 319.167 161.81
22 2268 -91.1689 328.938 161.81
22 2269 -88.9802 339.405 161.81
22 2270 -87.8225 349.526 161.81
22 2271 -87.469 359.366 161.81
22 2272 -87.5801 368.608 161.81
22 2273 -87.6534 377.428 161.81
22 2274 -87.7248 386.104 161.81
22 2275 -87.8364 394.835 161.81
22 2276 -87.8978 404.028 161.81
23 2320 116.02 -118.135 164.751
23 2321 106.373 -116.73 164.751
23 2322 97.4619 -115.239 164.751
23 2323 89.0931 -113.479 164.751
23 2324 80.7585 -111.098 164.751
23 2325 72.0644 -108.199 164.751
23 2326 63.1804 -104.822 164.751
23 2327 54.4712 -100.999 164.751
23 2328 46.1486 -96.9026 164.751
23 2329 38.2515 -92.8769 164.751
23 2330 30.8545 -88.9694 164.751
23 2331 23.9169 -84.8573 164.751
23 2332 16.4264 -81.2489 164.751
23 2333 8.6689 -77.538 164.751
23 2334 0.80015 -73.2708 164.751
23 2335 -7.30049 -68.625 164.751
23 2336 -15.527 -63.5094 164.751
23 2337 -23.335 -57.1368 164.751
23 2338 -29.9082 -50.3182 164.751
23 2339 -35.8241 -43.3285 164.751
23 2340 -41.3163 -35.9455 164.751
23 2341 -46.4652 -28.7968 164.751
23 2342 -51.1492 -21.904 164.751
23 2343 -55.582 -14.8556 164.751
23 2344 -59.5701 -7.69081 164.751
23 2345 -63.0977 -0.171514 164.751
23 2346 -66.3837 7.61423 164.751
23 2347 -69.9059 15.3131 164.751
23 2348 -73.6489 22.9251 164.751
23 2349 -77.2097 30.5217 164.751
23 2350 -80.8589 37.9358 164.751
23 2351 -84.0883 45.8774 164.751
23 2352 -87.2263 54.0349 164.751
23 2353 -89.6978 62.5568 164.751
23 2354 -92.0077 71.3668 164.751
23 2355 -93.8065 80.354 164.751
23 2356 -95.2096 89.4478 164.751
23 2357 -96.5373 98.2037 164.751
23 2358 -97.6751 106.794 164.751
23 2359 -98.6983 115.386 164.751
23 2360 -99.2889 124.604 164.751
23 2361 -99.3301 133.924 164.751
23 2362 -99.4831 143.412 164.751
23 2363 -99.9556 152.583 164.751
23 2364 -100.735 161.631 164.751
23 2365 -101.535 170.355 164.751
23 2366 -102.303 179.036 164.751
23 2367 -103.085 188.026 164.751
23 2368 -103.668 197.216 164.751
23 2369 -103.966 206.877 164.751
23 2370 -104.273 216.768 164.751
23 2371 -103.873 226.518 164.751
23 2372 -103.387 235.821 164.751
23 2373 -102.444 244.727 164.751
23 2374 -101.558 253.065 164.751
23 2375 -100.591 261.437 164.751
23 2376 -99.6665 270.344 164.751
23 2377 -98.7382 279.751 164.751
23 2378 -97.8021 289.362 164.751
23 2379 -97.2261 298.808 164.751
23 2380 -97.2095 307.784 164.751
23 2381 -97.5212 316.306 164.751
23 2382 -97.8042 324.537 164.751
23 2383 -97.8575 332.911 164.751
23 2384 -97.5832 341.983 164.751
23 2385 -96.9546 351.385 164.751
23 2386 -95.933 360.883 164.751
23 2387 -94.3492 370.22 164.751
23 2388 -92.3131 378.81 164.751
23 2389 -90.0188 386.582 164.751
23 2390 -87.5345 393.799 164.751
23 2391 -84.6962 401.125 164.751
24 2426 110.749 -146.846 178.87
24 2427 99.9191 -145.243 178.87
24 2428 89.6146 -143.564 178.87
24 2429 80.2145 -141.623 178.87
24 2430 71.8784 -139.047 178.87
24 2431 63.8765 -135.69 178.87
24 2432 56.1472 -131.579 178.87
24 2433 48.2385 -126.943 178.87
24 2434 40.7201 -121.926 178.87
24 2435 33.177 -116.75 178.87
24 2436 25.5927 -111.609 178.87
24 2437 18.175 -106.776 178.87
24 2438 11.5565 -102.449 178.87
24 2439 4.88071 -98.7119 178.87
24 2440 -2.19115 -94.9173 178.87
24 2441 -9.29856 -90.6816 178.87
24 2442 -17.178 -85.9397 178.87
24 2443 -24.7037 -80.456 178.87
24 2444 -32.0976 -74.8843 178.87
24 2445 -38.8289 -68.7594 178.87
24 2446 -44.5327 -62.1023 178.87
24 2447 -48.8543 -54.9246 178.87
24 2448 -51.9393 -47.2844 178.87
24 2449 -54.6492 -39.5596 178.87
24 2450 -57.0047 -31.2268 178.87
24 2451 -59.0259 -22.9273 178.87
24 2452 -60.8698 -13.7848 178.87
24 2453 -62.1524 -3.9432 178.87
24 2454 -63.4679 6.66144 178.87
24 2455 -65.3427 17.7057 178.87
24 2456 -67.7236 28.0598 178.87
24 2457 -70.3051 37.468 178.87
24 2458 -72.8556 46.2529 178.87
24 2459 -75.23 54.3086 178.87
24 2460 -77.5949 62.082 178.87
24 2461 -79.7486 69.9628 178.87
24 2462 -81.657 78.239 178.87
24 2463 -82.5524 87.0368 178.87
24 2464 -82.6225 95.469 178.87
24 2465 -81.7864 104.256 178.87
24 2466 -80.8386 112.372 178.87
24 2467 -79.7419 120.413 178.87
24 2468 -78.7366 128.602 178.87
24 2469 -77.3648 137.226 178.87
24 2470 -75.9662 146.251 178.87
24 2471 -74.0466 156.048 178.87
24 2472 -72.5826 166.216 178.87
24 2473 -71.5272 176.587 178.87
24 2474 -70.6653 185.97 178.87
24 2475 -70.3644 195.266 178.87
24 2476 -70.2397 204.14 178.87
24 2477 -70.543 212.814 178.87
24 2478 -70.9487 221.986 178.87
24 2479 -71.0739 231.907 178.87
24 2480 -71.3085 242.383 178.87
24 2481 -71.1098 252.761 178.87
24 2482 -70.3917 263.028 178.87
24 2483 -69.5657 272.55 178.87
24 2484 -68.8044 281.51 178.87
24 2485 -67.9351 290.038 178.87
24 2486 -66.7186 298.465 178.87
24 2487 -64.9951 307.632 178.87
24 2488 -63.1473 317.971 178.87
24 2489 -61.6599 328.48 178.87
24 2490 -60.6539 338.662 178.87
24 2491 -60.1311 348.378 178.87
24 2492 -59.8489 357.26 178.87
24 2493 -59.6923 365.67 178.87
24 2494 -59.4183 373.999 178.87
24 2495 -58.765 382.432 178.87
24 2496 -57.8956 391.303 178.87
25 2541 104.977 -146.133 188.324
25 2542 94.0848 -146.803 188.324
25 2543 84.9209 -146.23 188.324
25 2544 76.7961 -144.914 188.324
25 2545 68.97 -142.851 188.324
25 2546 60.9591 -139.942 188.324
25 2547 52.2661 -136.169 188.324
25 2548 42.7049 -131.335 188.324
25 2549 33.0872 -125.729 188.324
25 2550 23.998 -119.944 188.324
25 2551 16.0105 -114.644 188.324
25 2552 8.79881 -110.656 188.324
25 2553 2.05838 -107.344 188.324
25 2554 -5.10187 -104.046 188.324
25 2555 -13.012 -100.213 188.324
25 2556 -21.5647 -96.1999 188.324
25 2557 -30.7658 -91.4893 188.324
25 2558 -39.9135 -86.6742 188.324
25 2559 -48.3665 -81.5538 188.324
25 2560 -54.8355 -75.9273 188.324
25 2561 -59.9568 -69.5237 188.324
25 2562 -64.2013 -62.7901 188.324
25 2563 -68.4617 -55.4404 188.324
25 2564 -72.698 -47.4919 188.324
25 2565 -76.5964 -38.4656 188.324
25 2566 -80.0552 -28.9123 188.324
25 2567 -82.8136 -19.1305 188.324
25 2568 -85.795 -10.3799 188.324
25 2569 -88.819 -2.52388 188.324
25 2570 -92.1977 5.15581 188.324
25 2571 -95.6779 12.8822 188.324
25 2572 -99.3934 20.8861 188.324
25 2573 -103.218 29.5014 188.324
25 2574 -107.498 38.6918 188.324
25 2575 -111.01 48.5835 188.324
25 2576 -113.75 58.0352 188.324
25 2577 -115.409 67.3441 188.324
25 2578 -115.826 76.4601 188.324
25 2579 -115.873 85.3854 188.324
25 2580 -115.871 94.4346 188.324
25 2581 -115.667 103.866 188.324
25 2582 -115.25 113.866 188.324
25 2583 -114.35 124.209 188.324
25 2584 -113.277 134.656 188.324
25 2585 -113.038 144.332 188.324
25 2586 -113.322 153.408 188.324
25 2587 -113.915 162.283 188.324
25 2588 -114.956 170.822 188.324
25 2589 -116.367 179.825 188.324
25 2590 -117.8 189.369 188.324
25 2591 -119.277 199.447 188.324
25 2592 -120.202 209.48 188.324
25 2593 -120.394 218.998 188.324
25 2594 -119.992 228.357 188.324
25 2595 -118.957 237.752 188.324
25 2596 -117.957 246.6 188.324
25 2597 -117.025 255.493 188.324
25 2598 -115.735 264.639 188.324
25 2599 -115.7 274.166 188.324
25 2600 -114.641 281.87 188.324
25 2601 -112.89 291.759 188.324
25 2602 -112.015 301.469 188.324
25 2603 -111.79 311.062 188.324
25 2604 -111.724 320.253 188.324
25 2605 -111.827 328.934 188.324
25 2606 -112.035 337.455 188.324
25 2607 -112.503 346.609 188.324
25 2608 -112.859 361.61 188.324
25 2609 -112.839 371.795 188.324
25 2610 -112.018 381.547 188.324
25 2611 -110.329 391.312 188.324
26 2691 118.946 -187.656 160.328
26 2692 110.328 -185.832 160.328
26 2693 102.522 -184.232 160.328
26 2694 96.0035 -182.606 160.328
26 2695 89.7028 -181.246 160.328
26 2696 83.2789 -180.721 160.328
26 2697 77.2524 -180.753 160.328
26 2698 71.0344 -180.527 160.328
26 2699 64.5135 -179.967 160.328
26 2700 57.4263 -178.716 160.328
26 2701 49.9257 -177.079 160.328
26 2702 42.3535 -175.579 160.328
26 2703 35.1987 -174.066 160.328
26 2704 27.8677 -171.987 160.328
26 2705 21.0204 -169.341 160.328
26 2706 14.59 -165.775 160.328
26 2707 7.92463 -162.145 160.328
26 2708 0.903784 -157.507 160.328
26 2709 -5.68118 -152.64 160.328
26 2710 -11.3968 -147.698 160.328
26 2711 -16.4557 -143.264 160.328
26 2712 -21.61 -139.401 160.328
26 2713 -27.145 -135.377 160.328
26 2714 -32.3371 -131.935 160.328
26 2715 -37.5304 -127.749 160.328
26 2716 -43.1964 -122.591 160.328
26 2717 -49.3154 -116.829 160.328
26 2718 -55.6994 -110.716 160.328
26 2719 -61.7727 -104.834 160.328
26 2720 -68.034 -99.1342 160.328
26 2721 -73.6277 -92.7569 160.328
26 2722 -77.6874 -85.9199 160.328
26 2723 -81.4808 -79.0498 160.328
26 2724 -85.0682 -72.1348 160.328
26 2725 -88.4664 -64.7824 160.328
26 2726 -91.2396 -56.9738 160.328
26 2727 -93.9856 -48.6492 160.328
26 2728 -96.4074 -40.4556 160.328
26 2729 -99.8136 -31.8167 160.328
26 2730 -103.436 -23.8444 160.328
26 2731 -106.927 -16.3872 160.328
26 2732 -110.046 -8.74148 160.328
26 2733 -113.307 -0.767929 160.328
26 2734 -116.658 6.88607 160.328
26 2735 -119.506 14.537 160.328
26 2736 -121.68 22.534 160.328
26 2737 -122.941 30.5199 160.328
26 2738 -123.375 37.9887 160.328
26 2739 -123.443 45.3034 160.328
26 2740 -123.767 52.6782 160.328
26 2741 -124.01 59.9267 160.328
26 2742 -124.193 67.2502 160.328
26 2743 -123.949 74.6553 160.328
26 2744 -123.486 82.2602 160.328
26 2745 -123.503 90.84 160.328
26 2746 -123.837 98.9761 160.328
26 2747 -124.484 106.516 160.328
26 2748 -125.255 113.668 160.328
26 2749 -126.058 120.603 160.328
26 2750 -126.73 127.756 160.328
26 2751 -127.265 135.265 160.328
26 2752 -127.712 143.023 160.328
26 2753 -127.722 151.457 160.328
26 2754 -126.859 159.467 160.328
26 2755 -125.983 166.838 160.328
26 2756 -125.556 173.972 160.328
26 2757 -125.03 181.296 160.328
26 2758 -124.287 188.669 160.328
26 2759 -123.079 196.536 160.328
26 2760 -121.514 204.623 160.328
26 2761 -120.666 213.575 160.328
26 2762 -120.425 222.988 160.328
26 2763 -120.669 231.452 160.328
26 2764 -120.893 239.045 160.328
26 2765 -120.925 246.791 160.328
26 2766 -121.253 254.412 160.328
26 2767 -121.691 262.443 160.328
26 2768 -122.4 270.197 160.328
26 2769 -122.697 278.558 160.328
26 2770 -122.124 287.217 160.328
26 2771 -121.271 294.798 160.328
26 2772 -120.463 301.592 160.328
26 2773 -119.433 308.191 160.328
26 2774 -117.943 314.646 160.328
26 2775 -115.68 322.002 160.328
26 2776 -112.83 329.749 160.328
26 2777 -109.892 338.049 160.328
26 2778 -107.347 347.299 160.328
26 2779 -105.281 356.116 160.328
26 2780 -103.449 363.905 160.328
26 2781 -101.621 370.869 160.328
26 2782 -99.8297 377.744 160.328
26 2783 -98.019 385.098 160.328
26 2784 -96.2353 392.994 160.328
26 2785 -94.2871 401.358 160.328
26 2786 -91.3974 409.578 160.328
27 2822 119.31 -94.0563 156.692
27 2823 107.604 -92.2033 156.692
27 2824 95.8637 -90.6543 156.692
27 2825 84.6725 -88.9971 156.692
27 2826 73.9941 -87.5267 156.692
27 2827 64.4524 -84.3544 156.692
27 2828 55.3003 -80.4833 156.692
27 2829 46.1739 -76.1111 156.692
27 2830 37.1564 -71.0735 156.692
27 2831 28.508 -65.6019 156.692
27 2832 20.2478 -59.8285 156.692
27 2833 12.3788 -54.1838 156.692
27 2834 4.70226 -48.4851 156.692
27 2835 -3.39714 -42.4587 156.692
27 2836 -11.7795 -36.2527 156.692
27 2837 -20.1173 -29.6686 156.692
27 2838 -27.8272 -22.9568 156.692
27 2839 -34.5316 -15.5162 156.692
27 2840 -40.0244 -7.29975 156.692
27 2841 -44.8898 1.12675 156.692
27 2842 -49.4219 9.85871 156.692
27 2843 -53.3391 19.0093 156.692
27 2844 -56.6495 28.6486 156.692
27 2845 -59.5546 38.5083 156.692
27 2846 -62.3402 48.3303 156.692
27 2847 -65.4862 58.1294 156.692
27 2848 -68.8789 68.0197 156.692
27 2849 -72.415 77.8569 156.692
27 2850 -75.9901 87.8401 156.692
27 2851 -78.9584 98.0644 156.692
27 2852 -80.9971 108.685 156.692
27 2853 -82.1687 119.179 156.692
27 2854 -82.9611 129.527 156.692
27 2855 -83.4427 139.847 156.692
27 2856 -83.35 150.29 156.692
27 2857 -82.922 160.932 156.692
27 2858 -82.5919 171.727 156.692
27 2859 -82.6677 182.422 156.692
27 2860 -83.182 192.797 156.692
27 2861 -84.0079 202.82 156.692
27 2862 -85.2036 212.69 156.692
27 2863 -86.4164 222.769 156.692
27 2864 -87.1708 233.158 156.692
27 2865 -87.1859 243.967 156.692
27 2866 -87.1589 249.541 156.692
27 2867 -86.574 259.571 156.692
27 2868 -85.7295 269.016 156.692
27 2869 -84.5017 278.368 156.692
27 2870 -83.0427 288.044 156.692
27 2871 -81.6241 298.136 156.692
27 2872 -80.7081 308.784 156.692
27 2873 -80.4055 318.883 156.692
27 2874 -80.4674 328.39 156.692
27 2875 -80.8969 337.779 156.692
27 2876 -81.6116 347.419 156.692
27 2877 -82.259 357.234 156.692
27 2878 -82.5243 367.327 156.692
27 2879 -82.1736 377.494 156.692
27 2880 -81.7048 386.918 156.692
27 2881 -81.2989 395.547 156.692
27 2882 -80.6966 403.838 156.692
27 2883 -79.762 412.659 156.692
28 2927 117.508 -91.1072 156.103
28 2928 106.678 -87.6231 156.103
28 2929 96.11 -85.468 156.103
28 2930 84.94 -83.3665 156.103
28 2931 73.6803 -81.1754 156.103
28 2932 63.112 -79.1582 156.103
28 2933 53.9045 -76.66 156.103
28 2934 44.6689 -74.0317 156.103
28 2935 35.4389 -69.9037 156.103
28 2936 26.9569 -63.8571 156.103
28 2937 19.4397 -57.3896 156.103
28 2938 12.5574 -50.8262 156.103
28 2939 5.54939 -44.024 156.103
28 2940 -0.738294 -36.7217 156.103
28 2941 -6.31727 -29.1315 156.103
28 2942 -11.9065 -21.0483 156.103
28 2943 -17.925 -13.6795 156.103
28 2944 -24.5183 -6.68599 156.103
28 2945 -31.7008 0.382947 156.103
28 2946 -39.0378 8.17534 156.103
28 2947 -45.9488 15.9585 156.103
28 2948 -52.1966 24.1768 156.103
28 2949 -58.4605 32.913 156.103
28 2950 -63.3031 42.2111 156.103
28 2951 -66.9144 51.9032 156.103
28 2952 -69.676 61.0404 156.103
28 2953 -72.6902 70.2477 156.103
28 2954 -74.4615 79.9207 156.103
28 2955 -75.8379 89.9356 156.103
28 2956 -76.0879 100.105 156.103
28 2957 -75.9412 111.26 156.103
28 2958 -76.4035 122.458 156.103
28 2959 -77.6654 132.668 156.103
28 2960 -79.7288 142.159 156.103
28 2961 -82.0778 152.147 156.103
28 2962 -83.6483 162.764 156.103
28 2963 -84.7767 173.827 156.103
28 2964 -85.8717 184.999 156.103
28 2965 -86.045 196.494 156.103
28 2966 -84.4898 207.359 156.103
28 2967 -82.3775 216.7 156.103
28 2968 -80.4356 225.423 156.103
28 2969 -78.9126 234.509 156.103
28 2970 -77.1629 244.441 156.103
28 2971 -75.2435 255.018 156.103
28 2972 -74.4633 266.282 156.103
28 2973 -72.7825 277.303 156.103
28 2974 -73.972 283.093 156.103
28 2975 -73.4664 291.18 156.103
28 2976 -74.6908 300.576 156.103
28 2977 -74.6394 309.791 156.103
28 2978 -74.2787 319.586 156.103
28 2979 -74.0798 330.514 156.103
28 2980 -73.207 341.909 156.103
28 2981 -71.4606 352.348 156.103
28 2982 -69.483 361.574 156.103
28 2983 -68.2889 370.266 156.103
28 2984 -65.2322 385.151 156.103
28 2985 -63.5363 393.274 156.103
28 2986 -60.8269 402.885 156.103
28 2987 -57.3845 412.776 156.103
