1 43 -120.829 131.725 174.564
1 44 -118.82 121.766 174.564
1 45 -116.449 112.595 174.564
1 46 -113.265 104.068 174.564
1 47 -109.349 95.6058 174.564
1 48 -105.108 86.8138 174.564
1 49 -100.467 77.747 174.564
1 50 -95.6028 68.989 174.564
1 51 -90.5235 60.8928 174.564
1 52 -85.1904 53.2942 174.564
1 53 -80.2701 45.768 174.564
1 54 -75.3987 38.2728 174.564
1 55 -70.801 30.5814 174.564
1 56 -66.3202 22.7018 174.564
1 57 -61.4172 14.6464 174.564
1 58 -56.2339 6.31738 174.564
1 59 -50.4489 -1.70831 174.564
1 60 -44.3736 -9.40036 174.564
1 61 -37.805 -15.7554 174.564
1 62 -30.5939 -21.2934 174.564
1 63 -23.1024 -25.9116 174.564
1 64 -15.0154 -30.4525 174.564
1 65 -7.16555 -34.9438 174.564
1 66 0.817425 -38.5933 174.564
1 67 9.48314 -41.6882 174.564
1 68 18.2912 -44.4587 174.564
1 69 27.1179 -47.2534 174.564
1 70 35.6078 -49.8637 174.564
1 71 43.9287 -53.234 174.564
1 72 52.2367 -56.9244 174.564
1 73 60.2599 -60.4866 174.564
1 74 68.2633 -64.1225 174.564
1 75 76.8355 -67.5027 174.564
1 76 85.9326 -70.4639 174.564
1 77 95.7193 -73.0178 174.564
1 78 105.626 -75.1774 174.564
1 79 116.339 -76.1437 174.564
1 80 126.88 -76.5664 174.564
1 81 137.069 -76.6227 174.564
1 82 146.813 -76.5497 174.564
1 83 156.207 -76.2576 174.564
1 84 166.01 -75.5321 174.564
1 85 176.052 -75.0214 174.564
1 86 186.118 -74.8679 174.564
1 87 196.788 -74.8679 174.564
1 88 206.948 -75.4015 174.564
1 89 216.405 -76.3454 174.564
1 90 225.261 -77.6533 174.564
1 91 234.052 -78.8201 174.564
1 92 243.626 -79.5103 174.564
1 93 254.046 -79.7474 174.564
1 94 265.017 -79.1717 174.564
1 95 275.772 -77.9331 174.564
1 96 285.904 -75.9363 174.564
1 97 295.14 -73.6888 174.564
1 98 303.617 -71.38 174.564
1 99 311.708 -68.8725 174.564
1 100 320.152 -65.7968 174.564
1 101 329.659 -62.5274 174.564
1 102 339.272 -59.5383 174.564
1 103 349.277 -56.8414 174.564
1 104 358.972 -54.6626 174.564
1 105 367.68 -52.6831 174.564
1 106 375.598 -50.6399 174.564
2 154 -164.435 127.685 171.309
2 155 -162.915 115.759 171.309
2 156 -161.202 104.142 171.309
2 157 -159.203 93.2259 171.309
2 158 -156.794 83.4606 171.309
2 159 -154.073 74.2791 171.309
2 160 -150.867 65.2582 171.309
2 161 -147.088 55.5944 171.309
2 162 -142.626 45.6387 171.309
2 163 -137.745 35.805 171.309
2 164 -132.623 26.6608 171.309
2 165 -127.437 18.068 171.309
2 166 -122.564 9.60275 171.309
2 167 -117.667 1.12008 171.309
2 168 -112.384 -7.4161 171.309
2 169 -106.56 -16.2037 171.309
2 170 -100.202 -25.1655 171.309
2 171 -93.4819 -34.0011 171.309
2 172 -86.224 -42.3773 171.309
2 173 -78.8608 -49.2053 171.309
2 174 -71.1554 -55.1663 171.309
2 175 -63.3629 -60.3253 171.309
2 176 -55.2984 -65.4413 171.309
2 177 -46.8599 -70.953 171.309
2 178 -37.8601 -76.1456 171.309
2 179 -28.3867 -80.7973 171.309
2 180 -19.1 -85.0446 171.309
2 181 -9.45989 -89.575 171.309
2 182 0.242499 -94.1072 171.309
2 183 10.0787 -98.7764 171.309
2 184 20.0007 -103.402 171.309
2 185 30.0467 -107.975 171.309
2 186 40.4124 -112.461 171.309
2 187 51.2412 -116.35 171.309
2 188 62.1477 -119.589 171.309
2 189 72.7463 -121.616 171.309
2 190 82.8413 -123.311 171.309
2 191 92.7329 -125.317 171.309
2 192 102.344 -127.285 171.309
2 193 112.046 -128.993 171.309
2 194 122.51 -131.019 171.309
2 195 133.887 -132.812 171.309
2 196 145.246 -134.905 171.309
2 197 156.42 -137.137 171.309
2 198 167.026 -139.473 171.309
2 199 177.38 -141.754 171.309
2 200 187.412 -143.887 171.309
2 201 197.854 -146.215 171.309
2 202 209.056 -148.704 171.309
2 203 220.282 -150.736 171.309
2 204 231.922 -152.239 171.309
2 205 242.42 -153.753 171.309
2 206 251.841 -155.68 171.309
2 207 260.778 -157.946 171.309
2 208 269.906 -160.389 171.309
2 209 280.545 -162.168 171.309
2 210 292.01 -164.398 171.309
2 211 303.778 -167.769 171.309
2 212 314.547 -171.787 171.309
2 213 324.121 -175.418 171.309
2 214 332.965 -179.267 171.309
2 215 340.714 -183.149 171.309
2 216 348.141 -187.374 171.309
2 217 356.446 -191.798 171.309
2 218 365.677 -196.129 171.309
2 219 375.714 -200.182 171.309
3 279 -120.161 145.634 153.384
3 280 -118.993 135.97 153.384
3 281 -117.098 125.95 153.384
3 282 -114.924 115.714 153.384
3 283 -113.018 105.809 153.384
3 284 -111.363 96.6414 153.384
3 285 -109.538 87.9582 153.384
3 286 -107.486 78.9894 153.384
3 287 -105.734 69.8475 153.384
3 288 -103.962 60.559 153.384
3 289 -101.78 51.1737 153.384
3 290 -99.1082 41.8781 153.384
3 291 -95.4809 33.1841 153.384
3 292 -91.4917 26.0013 153.384
3 293 -87.2475 19.1696 153.384
3 294 -82.5004 12.6838 153.384
3 295 -76.8583 6.08468 153.384
3 296 -71.1202 -0.479245 153.384
3 297 -64.8452 -7.34619 153.384
3 298 -58.4344 -13.3041 153.384
3 299 -51.4252 -18.891 153.384
3 300 -44.1976 -23.8322 153.384
3 301 -37.0635 -28.7196 153.384
3 302 -30.1741 -33.9735 153.384
3 303 -23.5397 -39.3432 153.384
3 304 -16.7221 -44.9071 153.384
3 305 -9.70463 -49.8868 153.384
3 306 -1.86264 -54.2245 153.384
3 307 6.77053 -57.9902 153.384
3 308 15.5402 -61.5777 153.384
3 309 24.2899 -64.9775 153.384
3 310 33.4542 -68.0359 153.384
3 311 42.2168 -70.9886 153.384
3 312 50.8538 -74.0233 153.384
3 313 59.7201 -77.0048 153.384
3 314 69.1438 -80.0234 153.384
3 315 78.7649 -82.7352 153.384
3 316 88.8209 -85.4323 153.384
3 317 98.7987 -88.5362 153.384
3 318 108.645 -92.7842 153.384
3 319 117.394 -97.334 153.384
3 320 125.691 -101.726 153.384
3 321 134.462 -105.722 153.384
3 322 144.251 -109.3 153.384
3 323 154.392 -112.56 153.384
3 324 164.571 -115.663 153.384
3 325 174.58 -118.73 153.384
3 326 183.505 -121.529 153.384
3 327 191.878 -123.986 153.384
3 328 199.807 -126.551 153.384
3 329 209.093 -128.95 153.384
3 330 219.069 -131.657 153.384
3 331 229.522 -134.219 153.384
3 332 240.648 -137.056 153.384
3 333 250.948 -140.909 153.384
3 334 259.921 -145.037 153.384
3 335 268.202 -149.299 153.384
3 336 277.268 -153.459 153.384
3 337 287.485 -157.561 153.384
3 338 297.735 -162.046 153.384
3 339 308.731 -166.371 153.384
3 340 318.771 -170.296 153.384
3 341 327.66 -173.679 153.384
3 342 335.492 -177.218 153.384
3 343 342.964 -180.588 153.384
3 344 351.391 -184.472 153.384
3 345 360.712 -188.887 153.384
3 346 370.431 -193.467 153.384
3 347 380.772 -198.553 153.384
3 348 390.396 -204.108 153.384
4 397 -133.857 132.013 181.27
4 398 -132.302 122.063 181.27
4 399 -129.851 113.028 181.27
4 400 -126.178 103.847 181.27
4 401 -121.448 94.2632 181.27
4 402 -116.473 84.572 181.27
4 403 -111.077 74.6195 181.27
4 404 -105.326 65.0349 181.27
4 405 -99.13 55.9638 181.27
4 406 -92.8355 47.3323 181.27
4 407 -86.1805 39.2963 181.27
4 408 -80.2686 30.89 181.27
4 409 -74.2974 22.7555 181.27
4 410 -68.118 14.7942 181.27
4 411 -61.7384 6.55997 181.27
4 412 -55.1899 -1.52618 181.27
4 413 -48.4847 -9.5756 181.27
4 414 -41.5867 -17.2853 181.27
4 415 -34.1843 -24.2072 181.27
4 416 -26.7727 -30.8867 181.27
4 417 -18.5721 -36.3321 181.27
4 418 -9.7563 -41.1581 181.27
4 419 -1.02987 -45.6664 181.27
4 420 7.86428 -50.616 181.27
4 421 17.0051 -55.229 181.27
4 422 26.4159 -59.4404 181.27
4 423 36.3574 -62.9326 181.27
4 424 46.6955 -65.9295 181.27
4 425 56.8751 -68.8255 181.27
4 426 67.1252 -72.2552 181.27
4 427 76.8616 -75.7278 181.27
4 428 86.101 -79.373 181.27
4 429 95.2137 -82.8027 181.27
4 430 104.375 -86.1241 181.27
4 431 113.758 -89.4001 181.27
4 432 123.685 -92.2741 181.27
4 433 134.39 -95.0268 181.27
4 434 145.007 -97.2041 181.27
4 435 156.083 -98.1664 181.27
4 436 166.292 -98.096 181.27
4 437 176.045 -97.6675 181.27
4 438 185.202 -97.3229 181.27
4 439 194.447 -96.7836 181.27
4 440 203.941 -95.4706 181.27
4 441 213.733 -93.6746 181.27
4 442 224.553 -91.7109 181.27
4 443 235.353 -89.7797 181.27
4 444 246.495 -88.8664 181.27
4 445 257.049 -88.3626 181.27
4 446 266.841 -87.9182 181.27
4 447 275.714 -87.7584 181.27
4 448 284.791 -87.292 181.27
4 449 294.408 -86.9719 181.27
4 450 304.969 -85.9215 181.27
4 451 316.582 -84.5815 181.27
4 452 327.978 -82.6399 181.27
4 453 338.819 -79.1446 181.27
4 454 348.219 -75.1285 181.27
4 455 356.229 -71.1944 181.27
4 456 363.073 -67.2578 181.27
4 457 369.984 -62.9803 181.27
5 497 -135.267 133.537 159.026
5 498 -131.182 122.236 159.026
5 499 -126.795 111.452 159.026
5 500 -122.579 101.516 159.026
5 501 -117.874 92.3891 159.026
5 502 -113.309 82.4979 159.026
5 503 -108.727 72.4455 159.026
5 504 -103.742 62.0172 159.026
5 505 -98.4297 51.6829 159.026
5 506 -92.8963 41.791 159.026
5 507 -86.8816 32.4446 159.026
5 508 -80.877 23.5895 159.026
5 509 -74.3709 15.3546 159.026
5 510 -67.3626 6.92489 159.026
5 511 -60.0839 -1.03758 159.026
5 512 -52.3589 -8.94863 159.026
5 513 -44.2701 -16.101 159.026
5 514 -35.9438 -22.7957 159.026
5 515 -27.2239 -28.7748 159.026
5 516 -17.9346 -34.2683 159.026
5 517 -8.56209 -40.4684 159.026
5 518 0.660596 -46.4768 159.026
5 519 10.1988 -52.3277 159.026
5 520 19.3002 -57.9805 159.026
5 521 29.1527 -63.0163 159.026
5 522 39.169 -67.7447 159.026
5 523 49.7376 -71.9615 159.026
5 524 60.8267 -76.2989 159.026
5 525 71.1135 -79.6592 159.026
5 526 81.75 -82.7809 159.026
5 527 91.9834 -85.088 159.026
5 528 102.857 -86.9602 159.026
5 529 113.526 -88.4674 159.026
5 530 124.582 -89.7472 159.026
5 531 136.011 -91.0868 159.026
5 532 146.986 -92.8086 159.026
5 533 157.353 -94.6763 159.026
5 534 167.753 -96.7308 159.026
5 535 178.545 -98.6354 159.026
5 536 190.328 -99.8918 159.026
5 537 202.155 -101.21 159.026
5 538 214.593 -102.022 159.026
5 539 225.703 -102.685 159.026
5 540 236.138 -102.736 159.026
5 541 245.923 -102.66 159.026
5 542 256.526 -102.14 159.026
5 543 267.604 -101.245 159.026
5 544 279.197 -100.115 159.026
5 545 291.033 -98.65 159.026
5 546 301.687 -97.6869 159.026
5 547 311.825 -96.7181 159.026
5 548 321.051 -96.1568 159.026
5 549 330.354 -95.4915 159.026
5 550 340.302 -94.6795 159.026
5 551 351.575 -93.8758 159.026
5 552 364.076 -92.6689 159.026
5 553 376.71 -90.9922 159.026
5 554 387.753 -89.0851 159.026
6 658 -74.385 131.068 175.357
6 659 -71.513 123.63 175.357
6 660 -69.5367 116.453 175.357
6 661 -67.9208 108.967 175.357
6 662 -66.2555 100.636 175.357
6 663 -64.7911 91.7334 175.357
6 664 -63.6227 82.2983 175.357
6 665 -62.693 72.8595 175.357
6 666 -61.8467 63.9257 175.357
6 667 -60.1264 55.6651 175.357
6 668 -58.1742 48.3448 175.357
6 669 -55.3454 41.2513 175.357
6 670 -52.2713 33.7956 175.357
6 671 -48.7428 25.9319 175.357
6 672 -44.4743 17.8543 175.357
6 673 -39.3633 10.2452 175.357
6 674 -33.0809 2.96134 175.357
6 675 -26.731 -3.62896 175.357
6 676 -20.9017 -9.13993 175.357
6 677 -15.0007 -14.3189 175.357
6 678 -9.33145 -18.4248 175.357
6 679 -3.13802 -22.9535 175.357
6 680 3.20253 -27.9774 175.357
6 681 9.96159 -33.4389 175.357
6 682 17.1187 -39.126 175.357
6 683 25.0678 -44.5548 175.357
6 684 32.9 -48.3986 175.357
6 685 40.6703 -50.5622 175.357
6 686 48.0062 -52.0408 175.357
6 687 55.0681 -53.6413 175.357
6 688 62.2994 -55.4024 175.357
6 689 69.9184 -56.7439 175.357
6 690 78.1845 -57.5784 175.357
6 691 87.0954 -58.1632 175.357
6 692 95.8629 -58.5359 175.357
6 693 104.595 -59.5312 175.357
6 694 112.95 -60.948 175.357
6 695 120.711 -62.6523 175.357
6 696 128.21 -64.3455 175.357
6 697 136.18 -66.1876 175.357
6 698 144.355 -68.1008 175.357
6 699 152.992 -69.9733 175.357
6 700 162.28 -71.7975 175.357
6 701 171.624 -72.9695 175.357
6 702 180.604 -72.6963 175.357
6 703 188.989 -72.101 175.357
6 704 196.939 -71.51 175.357
6 705 204.64 -70.9283 175.357
6 706 212.306 -70.2885 175.357
6 707 220.76 -68.8587 175.357
6 708 229.996 -67.3498 175.357
6 709 239.393 -66.0794 175.357
6 710 249.148 -65.2375 175.357
6 711 258.074 -64.9537 175.357
6 712 266.258 -65.2857 175.357
6 713 273.782 -65.2325 175.357
6 714 281.79 -65.4365 175.357
6 715 290.385 -65.6368 175.357
6 716 299.747 -65.5756 175.357
6 717 309.952 -65.1584 175.357
6 718 319.458 -63.6834 175.357
6 719 328.213 -61.6435 175.357
6 720 336.48 -59.2147 175.357
6 721 344.138 -56.9738 175.357
6 722 351.238 -54.4764 175.357
6 723 358.823 -51.3182 175.357
6 724 366.884 -47.4478 175.357
6 725 375.514 -42.9507 175.357
7 754 -151.364 136.564 163.492
7 755 -149.953 125.136 163.492
7 756 -148.664 114.148 163.492
7 757 -147.073 103.175 163.492
7 758 -145.061 92.0733 163.492
7 759 -142.39 81.2176 163.492
7 760 -139.177 69.934 163.492
7 761 -135.601 58.3851 163.492
7 762 -131.192 47.1323 163.492
7 763 -126.327 36.4172 163.492
7 764 -121.009 26.6312 163.492
7 765 -115.348 17.536 163.492
7 766 -109.071 9.07172 163.492
7 767 -102.586 0.504069 163.492
7 768 -95.6598 -7.99047 163.492
7 769 -88.1378 -16.3734 163.492
7 770 -80.3833 -24.3764 163.492
7 771 -72.3218 -31.7704 163.492
7 772 -63.86 -39.3359 163.492
7 773 -54.8202 -46.4614 163.492
7 774 -46.1328 -53.3424 163.492
7 775 -37.0301 -59.9555 163.492
7 776 -27.5705 -65.8065 163.492
7 777 -17.4889 -71.4408 163.492
7 778 -6.97929 -76.4069 163.492
7 779 3.74588 -80.8322 163.492
7 780 14.6084 -84.7596 163.492
7 781 25.1773 -88.191 163.492
7 782 35.7323 -91.5171 163.492
7 783 46.5526 -94.8961 163.492
7 784 57.6345 -97.9707 163.492
7 785 69.106 -101.04 163.492
7 786 81.0596 -103.72 163.492
7 787 93.2408 -106.137 163.492
7 788 105.02 -108.637 163.492
7 789 115.646 -110.726 163.492
7 790 125.574 -112.459 163.492
7 791 135.42 -114.231 163.492
7 792 146.173 -115.441 163.492
7 793 158.16 -116.385 163.492
7 794 170.597 -117.312 163.492
7 795 183.363 -117.264 163.492
7 796 195.121 -116.939 163.492
7 797 206.326 -116.796 163.492
7 798 217.113 -116.553 163.492
7 799 228.316 -116.41 163.492
7 800 240.044 -116.087 163.492
7 801 252.179 -115.361 163.492
7 802 265.366 -114.77 163.492
7 803 278.131 -114.14 163.492
7 804 289.128 -113.637 163.492
7 805 299.49 -112.867 163.492
7 806 309.549 -112.166 163.492
7 807 320.203 -111.704 163.492
7 808 332.431 -110.081 163.492
7 809 345.486 -107.271 163.492
7 810 358.362 -103.447 163.492
7 811 369.687 -99.1216 163.492
7 812 379.441 -94.4877 163.492
7 813 387.854 -89.7327 163.492
8 871 -163.85 134.715 170.072
8 872 -162.558 125.174 170.072
8 873 -160.74 114.834 170.072
8 874 -158.395 103.315 170.072
8 875 -155.549 91.2219 170.072
8 876 -152.888 79.8248 170.072
8 877 -150.35 69.66 170.072
8 878 -147.143 60.8502 170.072
8 879 -142.706 53.2127 170.072
8 880 -137.308 46.1164 170.072
8 881 -131.03 38.3124 170.072
8 882 -123.912 30.0707 170.072
8 883 -116.232 21.9212 170.072
8 884 -108.506 15.0008 170.072
8 885 -101.5 8.97025 170.072
8 886 -94.476 2.75947 170.072
8 887 -87.9278 -3.70634 170.072
8 888 -81.5119 -10.6155 170.072
8 889 -74.2273 -18.1751 170.072
8 890 -66.3379 -26.034 170.072
8 891 -58.1498 -33.3572 170.072
8 892 -50.7499 -40.0132 170.072
8 893 -42.9459 -45.4457 170.072
8 894 -34.378 -49.257 170.072
8 895 -25.6199 -52.0344 170.072
8 896 -16.7758 -55.0712 170.072
8 897 -7.58623 -58.1186 170.072
8 898 2.15334 -61.0494 170.072
8 899 12.2826 -63.0785 170.072
8 900 22.059 -64.5688 170.072
8 901 31.3976 -66.6996 170.072
8 902 40.1507 -69.6272 170.072
8 903 48.6705 -72.7844 170.072
8 904 57.5939 -76.1747 170.072
8 905 67.4644 -79.3051 170.072
8 906 77.6018 -82.8706 170.072
8 907 87.8402 -86.3938 170.072
8 908 97.8965 -89.7237 170.072
8 909 108.002 -91.3824 170.072
8 910 117.843 -91.6187 170.072
8 911 127.39 -91.4678 170.072
8 912 137.173 -91.62 170.072
8 913 146.833 -91.6331 170.072
8 914 156.889 -91.0706 170.072
8 915 166.605 -90.2712 170.072
8 916 176.645 -89.4325 170.072
8 917 186.923 -89.6963 170.072
8 918 196.43 -90.1914 170.072
8 919 205.272 -90.7027 170.072
8 920 214.569 -90.9029 170.072
8 921 223.97 -91.4298 170.072
8 922 234.403 -91.9205 170.072
8 923 244.551 -92.0004 170.072
8 924 255.215 -90.848 170.072
8 925 265.395 -88.8201 170.072
8 926 274.607 -86.637 170.072
8 927 283.506 -84.5375 170.072
8 928 292.74 -81.9415 170.072
8 929 302.41 -78.9353 170.072
8 930 312.726 -75.5998 170.072
8 931 322.439 -72.9571 170.072
8 932 332.063 -71.3458 170.072
8 933 341.053 -70.4703 170.072
8 934 349.38 -69.4551 170.072
8 935 357.666 -67.991 170.072
8 936 366.265 -66.5056 170.072
8 937 375.609 -65.0783 170.072
9 991 -161.327 131.94 168.331
9 992 -160.587 123.131 168.331
9 993 -158.731 114.505 168.331
9 994 -156.565 105.724 168.331
9 995 -153.88 96.124 168.331
9 996 -150.876 86.6555 168.331
9 997 -147.286 77.1465 168.331
9 998 -143.505 68.374 168.331
9 999 -139.92 60.0931 168.331
9 1000 -136.579 51.8453 168.331
9 1001 -133.122 43.909 168.331
9 1002 -129.862 35.6581 168.331
9 1003 -126.065 27.1421 168.331
9 1004 -122.246 18.4853 168.331
9 1005 -118.273 9.70415 168.331
9 1006 -114.379 1.13495 168.331
9 1007 -109.837 -6.96773 168.331
9 1008 -104.862 -14.5407 168.331
9 1009 -99.3285 -21.1507 168.331
9 1010 -93.5239 -27.3517 168.331
9 1011 -87.4099 -33.4995 168.331
9 1012 -81.0576 -39.2965 168.331
9 1013 -74.0899 -44.8509 168.331
9 1014 -66.7733 -49.7599 168.331
9 1015 -59.3391 -54.0711 168.331
9 1016 -52.0956 -58.336 168.331
9 1017 -45.0673 -63.0449 168.331
9 1018 -37.9683 -67.967 168.331
9 1019 -30.8206 -73.3313 168.331
9 1020 -23.4764 -78.8869 168.331
9 1021 -15.6251 -84.4007 168.331
9 1022 -7.62251 -89.8662 168.331
9 1023 0.560221 -94.9653 168.331
9 1024 8.85739 -99.6286 168.331
9 1025 17.5441 -102.956 168.331
9 1026 26.2146 -105.421 168.331
9 1027 34.7701 -107.539 168.331
9 1028 43.7326 -109.413 168.331
9 1029 52.4381 -111.07 168.331
9 1030 61.6465 -112.041 168.331
9 1031 71.7052 -112.607 168.331
9 1032 81.6502 -113.288 168.331
9 1033 91.5833 -114.463 168.331
9 1034 101.097 -116.043 168.331
9 1035 110.211 -117.931 168.331
9 1036 119.508 -120.104 168.331
9 1037 128.727 -122.339 168.331
9 1038 138.361 -124.621 168.331
9 1039 148.84 -126.619 168.331
9 1040 159.643 -128.388 168.331
9 1041 170.104 -129.163 168.331
9 1042 180.246 -129.009 168.331
9 1043 189.752 -128.836 168.331
9 1044 198.62 -128.651 168.331
9 1045 207.407 -128.239 168.331
9 1046 216.548 -127.305 168.331
9 1047 226.021 -126.084 168.331
9 1048 236.314 -124.711 168.331
9 1049 246.444 -123.843 168.331
9 1050 256.246 -123.752 168.331
9 1051 265.64 -124.055 168.331
9 1052 274.385 -124.329 168.331
9 1053 283.113 -124.795 168.331
9 1054 292.01 -125.365 168.331
9 1055 301.84 -126.159 168.331
9 1056 312.426 -126.676 168.331
9 1057 322.932 -126.233 168.331
9 1058 332.985 -124.711 168.331
9 1059 342.157 -122.851 168.331
9 1060 350.315 -120.91 168.331
9 1061 357.902 -118.726 168.331
9 1062 365.407 -116.043 168.331
9 1063 373.11 -112.749 168.331
9 1064 381.806 -109.031 168.331
10 1105 -123.012 139.931 162.222
10 1106 -119.237 130.783 162.222
10 1107 -116.596 121.721 162.222
10 1108 -114.612 112.252 162.222
10 1109 -112.313 102.402 162.222
10 1110 -109.781 91.9318 162.222
10 1111 -106.968 81.6141 162.222
10 1112 -104.216 71.3771 162.222
10 1113 -100.817 60.316 162.222
10 1114 -96.3296 50.8022 162.222
10 1115 -91.1246 42.03 162.222
10 1116 -85.173 33.5122 162.222
10 1117 -78.739 25.6388 162.222
10 1118 -71.6714 18.8472 162.222
10 1119 -63.693 12.2836 162.222
10 1120 -55.541 5.34996 162.222
10 1121 -48.2985 -1.39171 162.222
10 1122 -41.8638 -8.25213 162.222
10 1123 -35.0634 -15.3923 162.222
10 1124 -28.0312 -22.9456 162.222
10 1125 -20.6213 -30.6631 162.222
10 1126 -12.2854 -38.2877 162.222
10 1127 -3.79299 -45.5682 162.222
10 1128 4.65021 -51.7578 162.222
10 1129 13.2475 -56.6546 162.222
10 1130 22.0855 -60.9596 162.222
10 1131 30.5034 -65.286 162.222
10 1132 39.6735 -68.756 162.222
10 1133 49.5833 -71.8072 162.222
10 1134 60.6318 -74.7713 162.222
10 1135 70.9597 -77.9641 162.222
10 1136 80.4059 -81.7568 162.222
10 1137 88.9773 -85.8224 162.222
10 1138 97.7514 -90.0888 162.222
10 1139 106.572 -94.3824 162.222
10 1140 115.832 -98.5371 162.222
10 1141 126.512 -102.439 162.222
10 1142 137.281 -105.492 162.222
10 1143 147.555 -107.698 162.222
10 1144 156.998 -108.881 162.222
10 1145 165.654 -110.314 162.222
10 1146 174.57 -111.654 162.222
10 1147 184.044 -112.747 162.222
10 1148 194.781 -113.549 162.222
10 1149 206.25 -114.342 162.222
10 1150 216.887 -115.444 162.222
10 1151 226.772 -117.225 162.222
10 1152 235.835 -119.234 162.222
10 1153 244.258 -121.257 162.222
10 1154 253.023 -123.179 162.222
10 1155 263.1 -124.701 162.222
10 1156 274.37 -126.017 162.222
10 1157 285.728 -126.924 162.222
10 1158 296.054 -126.881 162.222
10 1159 305.3 -126.729 162.222
10 1160 313.925 -126.492 162.222
10 1161 322.512 -125.862 162.222
10 1162 332.116 -124.419 162.222
10 1163 343.471 -121.823 162.222
10 1164 355.548 -119.141 162.222
10 1165 366.235 -117.314 162.222
10 1166 376.341 -116.704 162.222
10 1167 385.864 -116.117 162.222
11 1209 -130.645 126.469 176.755
11 1210 -127.145 115.984 176.755
11 1211 -123.037 105.87 176.755
11 1212 -118.514 96.2764 176.755
11 1213 -114.252 87.6421 176.755
11 1214 -110.922 80.0907 176.755
11 1215 -108.338 72.8404 176.755
11 1216 -105.706 65.4561 176.755
11 1217 -102.788 57.2948 176.755
11 1218 -99.7823 48.0925 176.755
11 1219 -96.5357 38.6872 176.755
11 1220 -93.3614 29.375 176.755
11 1221 -89.5913 20.481 176.755
11 1222 -85.4011 11.9707 176.755
11 1223 -80.3507 4.61111 176.755
11 1224 -74.8352 -2.64298 176.755
11 1225 -68.9817 -9.8101 176.755
11 1226 -62.5991 -17.1037 176.755
11 1227 -55.8562 -24.1135 176.755
11 1228 -48.1106 -30.0564 176.755
11 1229 -40.2626 -35.4769 176.755
11 1230 -32.6705 -40.8019 176.755
11 1231 -25.5984 -46.3192 176.755
11 1232 -18.8118 -51.9544 176.755
11 1233 -11.723 -57.8529 176.755
11 1234 -4.57376 -64.1054 176.755
11 1235 2.74879 -70.7865 176.755
11 1236 10.738 -77.4812 176.755
11 1237 18.9351 -83.5869 176.755
11 1238 27.2808 -88.8761 176.755
11 1239 36.0182 -92.661 176.755
11 1240 44.8505 -96.2208 176.755
11 1241 53.248 -99.4476 176.755
11 1242 62.0606 -102.42 176.755
11 1243 71.4998 -104.868 176.755
11 1244 81.1974 -106.244 176.755
11 1245 91.6703 -106.859 176.755
11 1246 101.392 -108.015 176.755
11 1247 110.983 -109.355 176.755
11 1248 120.215 -111.098 176.755
11 1249 129.358 -112.717 176.755
11 1250 138.514 -114.34 176.755
11 1251 147.609 -116.344 176.755
11 1252 157.133 -118.291 176.755
11 1253 167.165 -119.992 176.755
11 1254 177.084 -120.817 176.755
11 1255 187.389 -120.507 176.755
11 1256 197.023 -119.946 176.755
11 1257 206.124 -119.188 176.755
11 1258 214.638 -118.229 176.755
11 1259 223.406 -116.917 176.755
11 1260 232.49 -114.716 176.755
11 1261 242.209 -111.943 176.755
11 1262 252.071 -109.316 176.755
11 1263 262.466 -107.219 176.755
11 1264 272.006 -105.523 176.755
11 1265 281.191 -103.58 176.755
11 1266 289.896 -102.005 176.755
11 1267 298.903 -100.261 176.755
11 1268 308.505 -98.7476 176.755
11 1269 319.137 -96.7198 176.755
11 1270 329.478 -94.6494 176.755
11 1271 339.417 -91.8 176.755
11 1272 348.57 -88.445 176.755
11 1273 356.683 -85.0745 176.755
11 1274 364.666 -81.4092 176.755
11 1275 374.585 -76.899 176.755
12 1335 -145.292 136.328 172.48
12 1336 -143.313 127.599 172.48
12 1337 -141.066 118.979 172.48
12 1338 -139.043 110.561 172.48
12 1339 -136.952 102.442 172.48
12 1340 -134.815 94.4475 172.48
12 1341 -132.999 86.3793 172.48
12 1342 -131.624 78.1732 172.48
12 1343 -130.656 69.8832 172.48
12 1344 -129.188 61.7597 172.48
12 1345 -127.446 53.6853 172.48
12 1346 -125.384 45.6879 172.48
12 1347 -123.006 37.7004 172.48
12 1348 -120.522 29.626 172.48
12 1349 -117.793 21.5298 172.48
12 1350 -114.46 13.6019 172.48
12 1351 -111.088 5.65795 172.48
12 1352 -107.213 -2.28791 172.48
12 1353 -103.057 -9.49961 172.48
12 1354 -98.3798 -16.589 172.48
12 1355 -93.3916 -22.9789 172.48
12 1356 -87.9265 -29.0043 172.48
12 1357 -82.244 -34.3788 172.48
12 1358 -76.3956 -39.2868 172.48
12 1359 -70.6901 -44.5128 172.48
12 1360 -64.9541 -49.6879 172.48
12 1361 -59.2381 -54.7972 172.48
12 1362 -52.8922 -59.8903 172.48
12 1363 -46.5531 -64.7803 172.48
12 1364 -39.6806 -69.405 172.48
12 1365 -32.3645 -74.0826 172.48
12 1366 -24.4814 -78.872 172.48
12 1367 -15.9014 -83.1701 172.48
12 1368 -7.4083 -86.7663 172.48
12 1369 1.11333 -89.3545 172.48
12 1370 9.62315 -91.6544 172.48
12 1371 17.9591 -93.4619 172.48
12 1372 26.2509 -94.914 172.48
12 1373 35.1346 -96.096 172.48
12 1374 44.5444 -96.8308 172.48
12 1375 53.7008 -97.5103 172.48
12 1376 63.2995 -98.8307 172.48
12 1377 72.6726 -100.661 172.48
12 1378 81.5154 -102.717 172.48
12 1379 90.0053 -104.3 172.48
12 1380 98.3276 -105.839 172.48
12 1381 106.834 -107.493 172.48
12 1382 116.304 -109.046 172.48
12 1383 126.132 -110.96 172.48
12 1384 136.39 -112.547 172.48
12 1385 146.274 -112.772 172.48
12 1386 155.854 -112.6 172.48
12 1387 164.655 -111.91 172.48
12 1388 173.292 -111.219 172.48
12 1389 181.889 -110.172 172.48
12 1390 190.684 -109.046 172.48
12 1391 200.261 -107.747 172.48
12 1392 210.248 -106.561 172.48
12 1393 220.664 -105.94 172.48
12 1394 231.228 -105.628 172.48
12 1395 240.208 -105.274 172.48
12 1396 247.773 -105.046 172.48
12 1397 255.075 -104.813 172.48
12 1398 262.988 -104.294 172.48
12 1399 272.512 -103.764 172.48
12 1400 282.544 -102.877 172.48
12 1401 292.847 -101.352 172.48
12 1402 302.74 -99.4363 172.48
12 1403 312.404 -97.7252 172.48
12 1404 321.021 -95.5413 172.48
12 1405 328.706 -93.065 172.48
12 1406 335.736 -89.5035 172.48
12 1407 343.852 -86.2477 172.48
12 1408 352.966 -82.3875 172.48
12 1409 362.797 -78.3354 172.48
12 1410 372.804 -74.9696 172.48
12 1411 382.399 -72.2951 172.48
13 1469 -122.48 135.809 173.524
13 1470 -119.635 128.093 173.524
13 1471 -116.375 119.508 173.524
13 1472 -112.682 110.229 173.524
13 1473 -108.493 100.766 173.524
13 1474 -104.103 92.157 173.524
13 1475 -99.9936 84.6465 173.524
13 1476 -96.9877 77.6146 173.524
13 1477 -94.8039 70.4655 173.524
13 1478 -92.656 63.1012 173.524
13 1479 -90.5349 55.0735 173.524
13 1480 -88.281 45.7865 173.524
13 1481 -86.184 36.3048 173.524
13 1482 -83.9959 27.114 173.524
13 1483 -81.3105 18.7087 173.524
13 1484 -77.3695 11.8311 173.524
13 1485 -72.1208 5.95252 173.524
13 1486 -66.3941 0.447784 173.524
13 1487 -60.1664 -4.65641 173.524
13 1488 -53.6504 -10.1184 173.524
13 1489 -46.6365 -15.1971 173.524
13 1490 -39.2375 -19.8109 173.524
13 1491 -31.1565 -24.1877 173.524
13 1492 -24.204 -27.908 173.524
13 1493 -18.3625 -32.4777 173.524
13 1494 -12.7189 -37.2452 173.524
13 1495 -6.98042 -42.0034 173.524
13 1496 -0.417269 -47.1727 173.524
13 1497 6.88187 -52.662 173.524
13 1498 14.2839 -58.4079 173.524
13 1499 21.6575 -64.1036 173.524
13 1500 29.4799 -69.0063 173.524
13 1501 37.8369 -72.3998 173.524
13 1502 46.5268 -74.268 173.524
13 1503 54.8831 -75.5961 173.524
13 1504 62.9653 -76.4393 173.524
13 1505 71.1846 -76.9186 173.524
13 1506 80.5256 -77.2832 173.524
13 1507 90.2559 -77.2696 173.524
13 1508 100.125 -77.1301 173.524
13 1509 109.642 -77.6863 173.524
13 1510 118.426 -79.1861 173.524
13 1511 126.923 -81.1703 173.524
13 1512 135.064 -83.0397 173.524
13 1513 143.432 -85.0412 173.524
13 1514 152.254 -87.4891 173.524
13 1515 161.191 -90.1485 173.524
13 1516 170.316 -92.7663 173.524
13 1517 179.444 -94.5471 173.524
13 1518 188.681 -94.9681 173.524
13 1519 197.771 -94.5626 173.524
13 1520 205.664 -93.6325 173.524
13 1521 213.582 -92.3924 173.524
13 1522 221.993 -90.5869 173.524
13 1523 231.74 -88.4831 173.524
13 1524 242.4 -86.3383 173.524
13 1525 252.913 -84.7746 173.524
13 1526 263.186 -84.7051 173.524
13 1527 272.64 -84.9916 173.524
13 1528 280.788 -85.9465 173.524
13 1529 288.736 -86.4183 173.524
13 1530 296.357 -87.0811 173.524
13 1531 305.128 -87.5214 173.524
13 1532 314.444 -88.1786 173.524
13 1533 324.443 -88.4322 173.524
13 1534 334.083 -87.5021 173.524
13 1535 343.445 -85.389 173.524
13 1536 351.963 -82.4184 173.524
13 1537 359.423 -79.0386 173.524
13 1538 366.237 -75.4299 173.524
13 1539 372.722 -71.5844 173.524
13 1540 379.219 -67.4258 173.524
14 1584 -84.0629 134.644 157.996
14 1585 -84.2314 123.556 157.996
14 1586 -83.4937 113.804 157.996
14 1587 -81.7202 105.035 157.996
14 1588 -79.1669 95.9815 157.996
14 1589 -76.2099 86.0879 157.996
14 1590 -72.9254 75.7529 157.996
14 1591 -69.1735 65.6247 157.996
14 1592 -65.2353 56.1794 157.996
14 1593 -61.1889 47.7744 157.996
14 1594 -57.4891 39.7409 157.996
14 1595 -54.4813 32.2708 157.996
14 1596 -50.9646 24.3574 157.996
14 1597 -47.0912 16.1146 157.996
14 1598 -43.2757 7.21178 157.996
14 1599 -39.4952 -1.52446 157.996
14 1600 -35.2606 -9.8925 157.996
14 1601 -30.4912 -17.2056 157.996
14 1602 -24.637 -23.4872 157.996
14 1603 -18.2104 -29.0667 157.996
14 1604 -11.2713 -34.3753 157.996
14 1605 -3.74899 -39.3622 157.996
14 1606 4.58407 -43.378 157.996
14 1607 13.8106 -46.5602 157.996
14 1608 22.908 -49.2902 157.996
14 1609 31.8637 -51.7181 157.996
14 1610 40.6018 -54.4068 157.996
14 1611 49.2382 -57.2436 157.996
14 1612 58.3115 -60.3914 157.996
14 1613 67.4401 -63.9455 157.996
14 1614 77.5811 -68.493 157.996
14 1615 88.138 -73.0404 157.996
14 1616 99.1832 -76.6194 157.996
14 1617 110.265 -78.1507 157.996
14 1618 120.92 -78.943 157.996
14 1619 131.425 -79.4498 157.996
14 1620 141.525 -79.5255 157.996
14 1621 151.593 -78.9659 157.996
14 1622 161.772 -77.5173 157.996
14 1623 172.541 -76.2098 157.996
14 1624 184.05 -74.9768 157.996
14 1625 195.619 -74.9253 157.996
14 1626 206.087 -74.9043 157.996
14 1627 216.328 -75.0315 157.996
14 1628 226.53 -75.5135 157.996
14 1629 237.679 -76.3536 157.996
14 1630 249.129 -77.1491 157.996
14 1631 260.912 -76.8477 157.996
14 1632 273.074 -75.6242 157.996
14 1633 284.308 -73.5377 157.996
14 1634 294.103 -71.5034 157.996
14 1635 303.693 -69.2224 157.996
14 1636 312.59 -66.5032 157.996
14 1637 322.04 -62.9058 157.996
14 1638 332.04 -59.4082 157.996
14 1639 342.875 -56.2344 157.996
14 1640 353.278 -53.554 157.996
14 1641 362.726 -51.0739 157.996
14 1642 371.403 -48.7242 157.996
14 1643 379.785 -46.5888 157.996
14 1644 388.648 -44.6416 157.996
15 1701 -94.502 133.758 173.217
15 1702 -92.7018 126.377 173.217
15 1703 -90.502 118.683 173.217
15 1704 -87.9374 111.095 173.217
15 1705 -84.9758 103.279 173.217
15 1706 -81.245 95.8407 173.217
15 1707 -77.2493 88.9882 173.217
15 1708 -72.7604 81.9329 173.217
15 1709 -69.073 74.4167 173.217
15 1710 -66.2169 66.406 173.217
15 1711 -63.929 58.7639 173.217
15 1712 -61.5102 51.0193 173.217
15 1713 -59.1237 43.4162 173.217
15 1714 -56.4674 35.4354 173.217
15 1715 -53.6336 26.5885 173.217
15 1716 -50.4021 17.7825 173.217
15 1717 -46.3971 9.67382 173.217
15 1718 -41.9715 2.42062 173.217
15 1719 -37.3163 -3.72215 173.217
15 1720 -32.3845 -8.92012 173.217
15 1721 -27.3106 -13.5728 173.217
15 1722 -22.1108 -18.0636 173.217
15 1723 -16.3917 -21.7745 173.217
15 1724 -10.5132 -24.9799 173.217
15 1725 -3.69426 -27.7982 173.217
15 1726 3.32507 -30.5606 173.217
15 1727 10.845 -33.1326 173.217
15 1728 17.7291 -35.9701 173.217
15 1729 24.3887 -39.4181 173.217
15 1730 30.4595 -43.3325 173.217
15 1731 36.9366 -47.51 173.217
15 1732 43.2003 -51.6242 173.217
15 1733 49.7749 -55.9183 173.217
15 1734 56.0237 -60.2863 173.217
15 1735 62.8582 -64.8173 173.217
15 1736 70.5531 -69.0506 173.217
15 1737 79.2244 -72.5339 173.217
15 1738 87.0794 -74.5749 173.217
15 1739 94.5274 -75.98 173.217
15 1740 101.565 -76.8398 173.217
15 1741 108.676 -77.23 173.217
15 1742 115.682 -77.0042 173.217
15 1743 123.432 -76.2288 173.217
15 1744 131.695 -75.0749 173.217
15 1745 140.456 -73.9639 173.217
15 1746 149.3 -73.6773 173.217
15 1747 157.729 -74.1214 173.217
15 1748 165.623 -75.2244 173.217
15 1749 173.306 -76.5092 173.217
15 1750 181.136 -78.1618 173.217
15 1751 188.435 -79.9807 173.217
15 1752 196.415 -82.1842 173.217
15 1753 205.198 -84.8424 173.217
15 1754 214.31 -87.3952 173.217
15 1755 223.762 -89.1384 173.217
15 1756 232.502 -89.4653 173.217
15 1757 240.511 -88.912 173.217
15 1758 248.023 -87.9182 173.217
15 1759 255.112 -86.5757 173.217
15 1760 261.999 -84.8269 173.217
15 1761 269.308 -82.4981 173.217
15 1762 278.129 -80.0527 173.217
15 1763 287.981 -77.1854 173.217
15 1764 296.984 -74.9862 173.217
15 1765 305.513 -74.1611 173.217
15 1766 313.381 -73.9415 173.217
15 1767 320.935 -73.9713 173.217
15 1768 327.876 -74.0824 173.217
15 1769 334.79 -74.3057 173.217
15 1770 342.014 -74.6965 173.217
15 1771 350.37 -74.926 173.217
15 1772 360.021 -74.7269 173.217
15 1773 369.428 -74.0371 173.217
15 1774 377.699 -72.8689 173.217
16 1814 -105.958 133.787 174.93
16 1815 -105.883 123.653 174.93
16 1816 -106.058 113.818 174.93
16 1817 -105.89 104.446 174.93
16 1818 -104.877 95.8377 174.93
16 1819 -103.054 87.4643 174.93
16 1820 -101.234 79.191 174.93
16 1821 -99.1003 70.2534 174.93
16 1822 -96.2492 60.8642 174.93
16 1823 -92.7627 51.7015 174.93
16 1824 -89.0727 43.4301 174.93
16 1825 -85.2893 35.4866 174.93
16 1826 -82.3306 27.7689 174.93
16 1827 -80.0708 19.9577 174.93
16 1828 -78.0455 12.146 174.93
16 1829 -75.6626 4.32435 174.93
16 1830 -73.2513 -3.94888 174.93
16 1831 -70.647 -12.3217 174.93
16 1832 -67.995 -20.9815 174.93
16 1833 -65.0795 -29.1273 174.93
16 1834 -61.2838 -36.5339 174.93
16 1835 -56.2242 -42.8771 174.93
16 1836 -50.3344 -48.7804 174.93
16 1837 -43.5323 -54.8075 174.93
16 1838 -36.3051 -60.3106 174.93
16 1839 -28.7921 -65.1741 174.93
16 1840 -20.6971 -68.9779 174.93
16 1841 -11.765 -71.9608 174.93
16 1842 -3.54378 -74.6994 174.93
16 1843 3.83866 -77.9538 174.93
16 1844 11.1951 -81.8783 174.93
16 1845 18.4408 -85.7984 174.93
16 1846 25.6797 -89.5211 174.93
16 1847 33.5942 -93.7227 174.93
16 1848 41.4764 -98.228 174.93
16 1849 50.0528 -102.793 174.93
16 1850 59.5787 -107.325 174.93
16 1851 69.3199 -109.904 174.93
16 1852 79.0456 -110.891 174.93
16 1853 88.5764 -111.108 174.93
16 1854 97.493 -110.925 174.93
16 1855 106.278 -110.58 174.93
16 1856 115.004 -109.72 174.93
16 1857 124.134 -108.051 174.93
16 1858 133.582 -106.008 174.93
16 1859 143.076 -104.378 174.93
16 1860 152.773 -103.695 174.93
16 1861 162.385 -103.847 174.93
16 1862 171.127 -104.476 174.93
16 1863 179.818 -105.171 174.93
16 1864 188.494 -105.931 174.93
16 1865 198.035 -106.947 174.93
16 1866 208.181 -107.958 174.93
16 1867 218.714 -108.408 174.93
16 1868 229.558 -107.256 174.93
16 1869 239.681 -105.205 174.93
16 1870 248.992 -103.182 174.93
16 1871 257.238 -101.016 174.93
16 1872 265.327 -98.0715 174.93
16 1873 273.487 -94.5535 174.93
16 1874 282.573 -90.595 174.93
16 1875 292.739 -86.7622 174.93
16 1876 302.81 -84.2104 174.93
16 1877 312.492 -82.3793 174.93
16 1878 320.766 -80.7215 174.93
16 1879 328.69 -79.1867 174.93
16 1880 336.426 -78.0813 174.93
16 1881 345.124 -76.9251 174.93
16 1882 354.379 -75.9861 174.93
16 1883 364.453 -74.4903 174.93
16 1884 374.528 -71.8136 174.93
17 1935 -143.313 137.4 171.494
17 1936 -143.16 127.658 171.494
17 1937 -142.976 118.85 171.494
17 1938 -142.464 110.115 171.494
17 1939 -140.474 101.692 171.494
17 1940 -138.178 93.8021 171.494
17 1941 -135.666 85.5478 171.494
17 1942 -133.007 76.6758 171.494
17 1943 -130.272 67.6669 171.494
17 1944 -127.75 58.6362 171.494
17 1945 -125.413 50.1636 171.494
17 1946 -123.512 42.0014 171.494
17 1947 -121.923 33.8461 171.494
17 1948 -120.094 25.3448 171.494
17 1949 -117.921 16.7055 171.494
17 1950 -114.744 7.32269 171.494
17 1951 -111.446 -1.71046 171.494
17 1952 -108.157 -10.4207 171.494
17 1953 -104.727 -18.6066 171.494
17 1954 -101.009 -26.0676 171.494
17 1955 -96.3371 -33.4391 171.494
17 1956 -91.3403 -39.8227 171.494
17 1957 -85.8432 -45.8827 171.494
17 1958 -80.2267 -52.0386 171.494
17 1959 -74.4578 -58.1502 171.494
17 1960 -68.1968 -63.9602 171.494
17 1961 -61.7809 -69.7359 171.494
17 1962 -55.5884 -74.925 171.494
17 1963 -49.7063 -80.0482 171.494
17 1964 -43.9243 -85.3903 171.494
17 1965 -37.3653 -91.1679 171.494
17 1966 -30.6091 -96.5567 171.494
17 1967 -23.0734 -102.201 171.494
17 1968 -15.608 -107.177 171.494
17 1969 -8.31613 -112.424 171.494
17 1970 -0.595648 -116.896 171.494
17 1971 7.41039 -120.864 171.494
17 1972 16.0858 -124.009 171.494
17 1973 24.5709 -125.898 171.494
17 1974 33.1972 -127.566 171.494
17 1975 41.7084 -129.181 171.494
17 1976 50.418 -130.426 171.494
17 1977 59.4929 -131.383 171.494
17 1978 69.0063 -132.061 171.494
17 1979 78.2603 -132.717 171.494
17 1980 87.8073 -134.197 171.494
17 1981 96.7982 -136.35 171.494
17 1982 105.711 -138.282 171.494
17 1983 114.496 -140.068 171.494
17 1984 122.946 -141.665 171.494
17 1985 131.789 -143.359 171.494
17 1986 141.033 -144.96 171.494
17 1987 150.858 -146.304 171.494
17 1988 160.779 -146.504 171.494
17 1989 170.233 -145.697 171.494
17 1990 179.032 -144.406 171.494
17 1991 187.509 -143.089 171.494
17 1992 195.309 -141.762 171.494
17 1993 203.292 -140.231 171.494
17 1994 212.159 -138.782 171.494
17 1995 222.077 -137.174 171.494
17 1996 231.824 -135.978 171.494
17 1997 242.015 -135.448 171.494
17 1998 251.902 -135.398 171.494
17 1999 261.044 -135.394 171.494
17 2000 269.675 -135.308 171.494
17 2001 277.872 -135.587 171.494
17 2002 287.244 -135.472 171.494
17 2003 297.362 -135.154 171.494
17 2004 307.807 -134.469 171.494
17 2005 317.503 -132.559 171.494
17 2006 325.839 -129.803 171.494
17 2007 333.107 -127.068 171.494
17 2008 339.985 -124.38 171.494
17 2009 346.689 -121.405 171.494
17 2010 354.027 -118.685 171.494
17 2011 362.173 -115.95 171.494
17 2012 370.85 -112.848 171.494
17 2013 379.95 -109.837 171.494
18 2054 -95.7904 120.908 195.557
18 2055 -93.1685 111.631 195.557
18 2056 -90.8 102.889 195.557
18 2057 -88.763 93.8887 195.557
18 2058 -86.7727 84.4647 195.557
18 2059 -84.6485 74.5226 195.557
18 2060 -82.3618 64.6361 195.557
18 2061 -79.8421 54.6432 195.557
18 2062 -76.8796 45.5072 195.557
18 2063 -72.9133 36.955 195.557
18 2064 -68.071 29.1257 195.557
18 2065 -62.1837 21.9119 195.557
18 2066 -55.957 15.0602 195.557
18 2067 -49.3544 7.76687 195.557
18 2068 -42.4131 0.431159 195.557
18 2069 -35.0475 -6.40025 195.557
18 2070 -27.2027 -12.9371 195.557
18 2071 -19.3896 -18.8352 195.557
18 2072 -12.7051 -24.26 195.557
18 2073 -6.63557 -29.4919 195.557
18 2074 -0.675346 -34.5373 195.557
18 2075 5.68582 -40.0554 195.557
18 2076 13.1052 -45.6463 195.557
18 2077 20.6399 -51.2504 195.557
18 2078 29.372 -56.7924 195.557
18 2079 38.502 -62.0792 195.557
18 2080 47.7665 -66.2242 195.557
18 2081 57.3196 -68.787 195.557
18 2082 66.669 -70.5114 195.557
18 2083 75.5714 -71.6879 195.557
18 2084 84.5042 -73.0305 195.557
18 2085 93.0702 -74.0081 195.557
18 2086 102.602 -75.0549 195.557
18 2087 112.977 -75.7385 195.557
18 2088 123.47 -76.5009 195.557
18 2089 134.173 -77.4635 195.557
18 2090 145.016 -78.9226 195.557
18 2091 155.063 -80.9076 195.557
18 2092 164.417 -83.1979 195.557
18 2093 173.332 -85.8556 195.557
18 2094 182.498 -88.4142 195.557
18 2095 192.501 -90.919 195.557
18 2096 203.598 -92.8442 195.557
18 2097 214.123 -94.2615 195.557
18 2098 225.099 -94.666 195.557
18 2099 236.001 -94.3493 195.557
18 2100 245.625 -93.664 195.557
18 2101 254.404 -92.8896 195.557
18 2102 262.886 -91.9389 195.557
18 2103 271.852 -90.7642 195.557
18 2104 281.6 -89.2465 195.557
18 2105 292.578 -87.0895 195.557
18 2106 302.945 -85.5634 195.557
18 2107 312.748 -84.5901 195.557
18 2108 321.821 -83.8982 195.557
18 2109 330.099 -83.321 195.557
18 2110 337.838 -82.8137 195.557
18 2111 345.635 -82.1415 195.557
18 2112 353.842 -81.3677 195.557
18 2113 362.921 -80.2001 195.557
19 2164 -138.248 133.11 167.144
19 2165 -138.198 125.096 167.144
19 2166 -136.999 117.851 167.144
19 2167 -135.408 111.491 167.144
19 2168 -133.174 104.417 167.144
19 2169 -130.161 96.0477 167.144
19 2170 -126.546 86.5402 167.144
19 2171 -122.392 76.5552 167.144
19 2172 -118.622 67.121 167.144
19 2173 -115.03 58.3134 167.144
19 2174 -112.072 50.0797 167.144
19 2175 -109.277 41.6662 167.144
19 2176 -106.311 32.8253 167.144
19 2177 -102.5 23.5666 167.144
19 2178 -98.496 13.9783 167.144
19 2179 -94.4804 4.1863 167.144
19 2180 -90.4002 -4.54301 167.144
19 2181 -86.6483 -12.4177 167.144
19 2182 -81.9215 -19.4553 167.144
19 2183 -76.2085 -25.9903 167.144
19 2184 -69.8996 -32.2992 167.144
19 2185 -62.8896 -38.9897 167.144
19 2186 -55.2129 -45.833 167.144
19 2187 -47.3201 -52.177 167.144
19 2188 -39.2342 -57.3142 167.144
19 2189 -31.6753 -61.8781 167.144
19 2190 -24.0551 -66.2478 167.144
19 2191 -16.4486 -71.3067 167.144
19 2192 -9.37777 -76.4376 167.144
19 2193 -2.14721 -81.5648 167.144
19 2194 5.40603 -86.9282 167.144
19 2195 13.4135 -92.291 167.144
19 2196 22.1347 -97.556 167.144
19 2197 31.1936 -102.028 167.144
19 2198 40.2688 -105.215 167.144
19 2199 49.8922 -107.486 167.144
19 2200 59.9034 -109.157 167.144
19 2201 69.8057 -110.598 167.144
19 2202 79.5074 -111.793 167.144
19 2203 89.2649 -112.325 167.144
19 2204 99.2818 -112.136 167.144
19 2205 109.224 -112.426 167.144
19 2206 119.444 -112.985 167.144
19 2207 129.061 -113.899 167.144
19 2208 138.602 -114.861 167.144
19 2209 147.488 -115.923 167.144
19 2210 156.076 -116.989 167.144
19 2211 164.915 -118.333 167.144
19 2212 174.425 -119.705 167.144
19 2213 184.478 -120.954 167.144
19 2214 194.872 -122.067 167.144
19 2215 205.277 -122.148 167.144
19 2216 215.495 -121.44 167.144
19 2217 225.038 -120.226 167.144
19 2218 233.99 -118.934 167.144
19 2219 242.968 -117.437 167.144
19 2220 252.01 -115.95 167.144
19 2221 261.557 -114.103 167.144
19 2222 271.652 -112.704 167.144
19 2223 281.88 -111.629 167.144
19 2224 291.999 -110.94 167.144
19 2225 302.135 -110.327 167.144
19 2226 311.164 -110.318 167.144
19 2227 320.177 -110.389 167.144
19 2228 329.592 -110.395 167.144
19 2229 339.594 -109.881 167.144
19 2230 350.164 -108.782 167.144
19 2231 360.252 -107.087 167.144
19 2232 369.962 -104.531 167.144
19 2233 379.312 -101.342 167.144
20 2297 -127.533 131.967 165.197
20 2298 -126.801 122.215 165.197
20 2299 -126.415 112.334 165.197
20 2300 -126.114 102.609 165.197
20 2301 -125.643 93.1516 165.197
20 2302 -123.867 84.2614 165.197
20 2303 -121.035 76.4691 165.197
20 2304 -117.841 68.6399 165.197
20 2305 -113.563 60.7496 165.197
20 2306 -108.562 53.0554 165.197
20 2307 -102.821 45.6133 165.197
20 2308 -96.8405 38.4302 165.197
20 2309 -90.9628 31.4224 165.197
20 2310 -86.3316 25.1828 165.197
20 2311 -82.3082 18.537 165.197
20 2312 -78.3917 12.1176 165.197
20 2313 -74.4067 4.61202 165.197
20 2314 -70.382 -3.32161 165.197
20 2315 -66.5013 -11.5626 165.197
20 2316 -62.6407 -19.4761 165.197
20 2317 -58.0315 -26.9075 165.197
20 2318 -52.3758 -32.8285 165.197
20 2319 -46.0154 -37.8388 165.197
20 2320 -39.4213 -42.299 165.197
20 2321 -32.3953 -46.2727 165.197
20 2322 -24.4893 -49.929 165.197
20 2323 -15.9774 -52.826 165.197
20 2324 -7.36931 -55.004 165.197
20 2325 1.08037 -57.1631 165.197
20 2326 9.33959 -59.9337 165.197
20 2327 17.1488 -63.3204 165.197
20 2328 24.5928 -67.3086 165.197
20 2329 32.1788 -71.4929 165.197
20 2330 40.0131 -76.3554 165.197
20 2331 47.7795 -81.4046 165.197
20 2332 56.0853 -85.9968 165.197
20 2333 65.0472 -90.0215 165.197
20 2334 73.9589 -92.239 165.197
20 2335 82.2018 -93.6602 165.197
20 2336 90.3221 -94.823 165.197
20 2337 98.6178 -95.3592 165.197
20 2338 107.26 -95.141 165.197
20 2339 116.736 -93.8142 165.197
20 2340 126.832 -92.4031 165.197
20 2341 136.921 -91.4596 165.197
20 2342 146.725 -91.4263 165.197
20 2343 155.745 -92.4112 165.197
20 2344 164.48 -93.9091 165.197
20 2345 172.796 -95.4566 165.197
20 2346 181.559 -97.5937 165.197
20 2347 190.577 -99.9099 165.197
20 2348 199.783 -101.985 165.197
20 2349 209.851 -103.119 165.197
20 2350 219.54 -103.07 165.197
20 2351 227.989 -102.365 165.197
20 2352 235.954 -101.396 165.197
20 2353 243.681 -100.308 165.197
20 2354 251.622 -98.6924 165.197
20 2355 260.112 -96.1354 165.197
20 2356 269.55 -93.163 165.197
20 2357 279.422 -90.3961 165.197
20 2358 288.977 -88.7769 165.197
20 2359 297.631 -88.0384 165.197
20 2360 305.739 -88.039 165.197
20 2361 313.279 -87.9334 165.197
20 2362 321.629 -88.7335 165.197
20 2363 330.213 -89.3948 165.197
20 2364 339.803 -89.6324 165.197
20 2365 350.065 -88.9391 165.197
20 2366 359.797 -86.9277 165.197
20 2367 367.973 -84.2211 165.197
20 2368 374.843 -81.4549 165.197
20 2369 381.012 -78.3404 165.197
20 2370 386.743 -74.7293 165.197
21 2424 -100.704 141.674 160.052
21 2425 -99.0917 132.512 160.052
21 2426 -97.4394 123.285 160.052
21 2427 -95.9562 114.429 160.052
21 2428 -94.4351 105.963 160.052
21 2429 -93.241 97.5917 160.052
21 2430 -91.9943 89.6785 160.052
21 2431 -90.9681 81.1968 160.052
21 2432 -89.7873 72.6403 160.052
21 2433 -88.0874 63.8708 160.052
21 2434 -86.4484 55.4195 160.052
21 2435 -84.7086 47.8428 160.052
21 2436 -83.1855 40.4925 160.052
21 2437 -80.9272 33.4438 160.052
21 2438 -78.2544 26.52 160.052
21 2439 -75.0422 19.5899 160.052
21 2440 -71.3572 12.5089 160.052
21 2441 -67.0599 5.27894 160.052
21 2442 -62.8032 -1.87494 160.052
21 2443 -58.0097 -8.80508 160.052
21 2444 -52.5563 -15.27 160.052
21 2445 -46.9845 -21.4149 160.052
21 2446 -41.4113 -27.1857 160.052
21 2447 -35.7311 -33.2754 160.052
21 2448 -29.9462 -39.2897 160.052
21 2449 -23.9554 -45.2742 160.052
21 2450 -17.552 -51.1826 160.052
21 2451 -11.0503 -56.7152 160.052
21 2452 -4.1214 -61.8352 160.052
21 2453 2.66677 -66.3822 160.052
21 2454 10.0419 -70.5432 160.052
21 2455 17.6362 -74.4386 160.052
21 2456 25.069 -78.0292 160.052
21 2457 32.7122 -81.2908 160.052
21 2458 40.5468 -84.4174 160.052
21 2459 48.3098 -87.0623 160.052
21 2460 56.6913 -89.197 160.052
21 2461 65.2922 -91.0085 160.052
21 2462 74.3862 -92.8383 160.052
21 2463 83.202 -94.504 160.052
21 2464 91.9404 -96.1937 160.052
21 2465 100.601 -97.8562 160.052
21 2466 108.937 -99.378 160.052
21 2467 117.119 -100.954 160.052
21 2468 125.448 -102.373 160.052
21 2469 134.102 -103.198 160.052
21 2470 142.708 -103.867 160.052
21 2471 151.984 -104.333 160.052
21 2472 161.285 -104.863 160.052
21 2473 170.05 -105.683 160.052
21 2474 178.369 -106.085 160.052
21 2475 186.669 -106.477 160.052
21 2476 195.011 -106.496 160.052
21 2477 203.766 -106.053 160.052
21 2478 212.715 -105.23 160.052
21 2479 222.364 -104.301 160.052
21 2480 232.169 -103.445 160.052
21 2481 241.391 -102.729 160.052
21 2482 250.17 -102.293 160.052
21 2483 258.403 -102.138 160.052
21 2484 266.496 -101.987 160.052
21 2485 274.744 -101.829 160.052
21 2486 283.708 -101.16 160.052
21 2487 292.861 -100.043 160.052
21 2488 302.346 -98.9926 160.052
21 2489 311.064 -97.4221 160.052
21 2490 319.277 -96.1506 160.052
21 2491 326.623 -94.594 160.052
21 2492 333.466 -92.9625 160.052
21 2493 339.909 -90.6656 160.052
21 2494 346.803 -88.5626 160.052
21 2495 354.001 -86.2352 160.052
21 2496 361.273 -83.6955 160.052
21 2497 369.051 -80.8636 160.052
21 2498 376.843 -77.8948 160.052
21 2499 384.06 -75.0148 160.052
22 2553 -143.589 133.935 168.019
22 2554 -144.123 123.906 168.019
22 2555 -145.311 114.025 168.019
22 2556 -146.117 104.394 168.019
22 2557 -145.744 95.3914 168.019
22 2558 -143.685 86.9736 168.019
22 2559 -141.158 78.4695 168.019
22 2560 -138.163 69.6469 168.019
22 2561 -134.975 60.6985 168.019
22 2562 -131.029 51.575 168.019
22 2563 -126.858 42.7981 168.019
22 2564 -123.261 34.2327 168.019
22 2565 -120.267 25.7849 168.019
22 2566 -117.516 18.3419 168.019
22 2567 -114.421 11.0528 168.019
22 2568 -111.259 3.48034 168.019
22 2569 -108.035 -5.02065 168.019
22 2570 -104.706 -14.3356 168.019
22 2571 -101.575 -23.3322 168.019
22 2572 -98.6009 -31.6655 168.019
22 2573 -94.7717 -38.9852 168.019
22 2574 -89.3215 -45.1424 168.019
22 2575 -82.757 -50.3392 168.019
22 2576 -75.6294 -55.2683 168.019
22 2577 -68.1701 -59.9489 168.019
22 2578 -60.617 -64.3993 168.019
22 2579 -52.4933 -67.7848 168.019
22 2580 -44.5148 -70.2593 168.019
22 2581 -36.2227 -72.9541 168.019
22 2582 -28.2185 -76.5867 168.019
22 2583 -21.3168 -79.9253 168.019
22 2584 -14.2242 -83.6987 168.019
22 2585 -6.46521 -88.2211 168.019
22 2586 2.13651 -92.6408 168.019
22 2587 11.2607 -97.339 168.019
22 2588 19.9012 -101.845 168.019
22 2589 28.8114 -105.885 168.019
22 2590 38.239 -108.196 168.019
22 2591 47.9813 -109.049 168.019
22 2592 57.5766 -109.697 168.019
22 2593 66.9122 -109.921 168.019
22 2594 76.5519 -109.676 168.019
22 2595 86.3787 -108.908 168.019
22 2596 96.0722 -107.638 168.019
22 2597 105.593 -106.327 168.019
22 2598 115.514 -106.152 168.019
22 2599 124.852 -106.655 168.019
22 2600 134.062 -107.022 168.019
22 2601 143.389 -107.629 168.019
22 2602 152.871 -108.463 168.019
22 2603 162.784 -109.921 168.019
22 2604 172.99 -111.871 168.019
22 2605 183.525 -114.334 168.019
22 2606 193.904 -115.316 168.019
22 2607 203.494 -114.617 168.019
22 2608 212.409 -113.74 168.019
22 2609 220.879 -112.827 168.019
22 2610 229.397 -111.412 168.019
22 2611 239.054 -109.335 168.019
22 2612 248.572 -107.347 168.019
22 2613 258.363 -105.211 168.019
22 2614 269.728 -103.569 168.019
22 2615 280.568 -102.993 168.019
22 2616 290.056 -102.327 168.019
22 2617 298.626 -102.342 168.019
22 2618 307.255 -102.151 168.019
22 2619 316.664 -102.379 168.019
22 2620 326.816 -103.073 168.019
22 2621 337.074 -103.593 168.019
22 2622 347.438 -102.607 168.019
22 2623 357.068 -100.103 168.019
22 2624 365.42 -97.2814 168.019
22 2625 372.923 -94.663 168.019
22 2626 379.954 -91.9307 168.019
23 2665 -149.15 135.554 167.519
23 2666 -145.7 125.934 167.519
23 2667 -141.918 115.7 167.519
23 2668 -137.84 105.076 167.519
23 2669 -133.366 94.6397 167.519
23 2670 -128.903 84.53 167.519
23 2671 -125.225 74.7515 167.519
23 2672 -122.317 65.4584 167.519
23 2673 -119.328 56.2203 167.519
23 2674 -115.724 47.1701 167.519
23 2675 -111.837 37.2714 167.519
23 2676 -107.651 27.0878 167.519
23 2677 -103.095 17.1059 167.519
23 2678 -98.3639 8.02559 167.519
23 2679 -92.5235 0.227124 167.519
23 2680 -85.9887 -5.95079 167.519
23 2681 -79.3186 -11.6534 167.519
23 2682 -72.8401 -17.7036 167.519
23 2683 -66.4913 -23.9354 167.519
23 2684 -59.7773 -30.1402 167.519
23 2685 -52.3208 -35.8679 167.519
23 2686 -44.2305 -41.1059 167.519
23 2687 -36.0889 -47.0596 167.519
23 2688 -27.998 -53.2169 167.519
23 2689 -20.455 -59.1963 167.519
23 2690 -12.7148 -64.9077 167.519
23 2691 -4.895 -71.3173 167.519
23 2692 3.06503 -78.0732 167.519
23 2693 11.7602 -84.6781 167.519
23 2694 20.5436 -89.995 167.519
23 2695 30.1148 -93.6563 167.519
23 2696 39.5714 -95.9181 167.519
23 2697 48.9059 -97.5862 167.519
23 2698 58.2417 -99.5218 167.519
23 2699 67.3845 -101.261 167.519
23 2700 77.3527 -102.18 167.519
23 2701 88.0867 -102.675 167.519
23 2702 99.2328 -103.305 167.519
23 2703 110.281 -104.642 167.519
23 2704 121.103 -106.024 167.519
23 2705 131.62 -107.688 167.519
23 2706 141.54 -109.505 167.519
23 2707 151.295 -111.377 167.519
23 2708 161.513 -113.281 167.519
23 2709 172.567 -114.988 167.519
23 2710 183.748 -115.515 167.519
23 2711 195.62 -114.657 167.519
23 2712 206.713 -112.782 167.519
23 2713 217.045 -111.13 167.519
23 2714 226.421 -109.469 167.519
23 2715 235.397 -107.521 167.519
23 2716 244.846 -104.87 167.519
23 2717 255.671 -101.998 167.519
23 2718 266.902 -99.3139 167.519
23 2719 278.939 -97.3132 167.519
23 2720 290.327 -95.1742 167.519
23 2721 301.67 -93.2412 167.519
23 2722 311.183 -91.7045 167.519
23 2723 320.479 -90.5943 167.519
23 2724 330.333 -89.4565 167.519
23 2725 340.865 -87.5617 167.519
23 2726 351.316 -84.3112 167.519
23 2727 361.789 -79.8728 167.519
23 2728 371.297 -75.0356 167.519
23 2729 379.279 -70.4413 167.519
23 2730 385.633 -66.0868 167.519
24 2796 -142.306 133.228 174.014
24 2797 -139.13 124.205 174.014
24 2798 -136.097 115.646 174.014
24 2799 -133.307 107.381 174.014
24 2800 -131.352 99.4409 174.014
24 2801 -129.473 91.4048 174.014
24 2802 -127.515 83.176 174.014
24 2803 -125.683 74.4114 174.014
24 2804 -123.669 65.7706 174.014
24 2805 -121.706 57.1101 174.014
24 2806 -119.367 48.5275 174.014
24 2807 -116.687 40.0082 174.014
24 2808 -113.24 32.3903 174.014
24 2809 -108.648 25.2675 174.014
24 2810 -103.399 18.9011 174.014
24 2811 -97.9774 12.9305 174.014
24 2812 -92.4003 6.75867 174.014
24 2813 -86.7699 0.971535 174.014
24 2814 -80.7492 -4.88065 174.014
24 2815 -74.1139 -10.8735 174.014
24 2816 -67.7432 -16.9896 174.014
24 2817 -61.7367 -23.1652 174.014
24 2818 -55.9099 -29.4009 174.014
24 2819 -50.3105 -35.7983 174.014
24 2820 -44.4193 -42.1702 174.014
24 2821 -38.8515 -48.6482 174.014
24 2822 -32.5606 -54.6552 174.014
24 2823 -25.3987 -60.5266 174.014
24 2824 -17.8273 -65.4452 174.014
24 2825 -9.86248 -69.44 174.014
24 2826 -1.49743 -72.5327 174.014
24 2827 6.70902 -75.3492 174.014
24 2828 15.0716 -77.7264 174.014
24 2829 23.783 -79.9096 174.014
24 2830 32.9497 -82.1517 174.014
24 2831 42.2379 -84.3932 174.014
24 2832 50.9003 -86.8714 174.014
24 2833 59.6154 -89.7975 174.014
24 2834 68.1155 -92.7571 174.014
24 2835 76.7891 -95.8541 174.014
24 2836 85.3195 -99.2622 174.014
24 2837 94.2422 -102.486 174.014
24 2838 103.803 -105.522 174.014
24 2839 114.037 -107.856 174.014
24 2840 123.874 -109.651 174.014
24 2841 133.131 -110.565 174.014
24 2842 142.081 -110.908 174.014
24 2843 150.824 -110.879 174.014
24 2844 159.94 -110.727 174.014
24 2845 169.241 -110.165 174.014
24 2846 179.228 -109.695 174.014
24 2847 189.718 -109.175 174.014
24 2848 199.768 -109.175 174.014
24 2849 209.617 -109.73 174.014
24 2850 219.116 -110.157 174.014
24 2851 228.333 -110.711 174.014
24 2852 237.626 -111.434 174.014
24 2853 246.811 -112.123 174.014
24 2854 256.889 -112.724 174.014
24 2855 267.358 -112.875 174.014
24 2856 277.164 -111.735 174.014
24 2857 286.025 -109.544 174.014
24 2858 294.479 -106.927 174.014
24 2859 302.627 -104.409 174.014
24 2860 310.085 -101.898 174.014
24 2861 317.625 -99.2629 174.014
24 2862 326.534 -96.1379 174.014
24 2863 335.695 -93.0935 174.014
24 2864 344.282 -91 174.014
24 2865 352.595 -89.4537 174.014
24 2866 360.914 -87.696 174.014
24 2867 368.875 -85.6515 174.014
24 2868 376.405 -83.6609 174.014
25 2926 -134.533 142.181 160.884
25 2927 -133.208 133.919 160.884
25 2928 -131.979 125.664 160.884
25 2929 -131.617 117.343 160.884
25 2930 -131.461 109.269 160.884
25 2931 -130.829 101.04 160.884
25 2932 -129.006 92.8813 160.884
25 2933 -127.001 84.6179 160.884
25 2934 -124.645 76.3976 160.884
25 2935 -122.78 68.1406 160.884
25 2936 -120.388 59.7646 160.884
25 2937 -117.091 51.8392 160.884
25 2938 -113.093 44.2227 160.884
25 2939 -109.36 36.8303 160.884
25 2940 -105.507 29.8361 160.884
25 2941 -101.663 22.8007 160.884
25 2942 -97.5219 15.7273 160.884
25 2943 -92.7626 9.00012 160.884
25 2944 -87.3223 2.46475 160.884
25 2945 -81.7705 -4.70928 160.884
25 2946 -77.122 -11.9776 160.884
25 2947 -72.7426 -19.5112 160.884
25 2948 -68.0846 -26.3643 160.884
25 2949 -62.7885 -32.6484 160.884
25 2950 -56.7684 -38.5242 160.884
25 2951 -50.2723 -44.4114 160.884
25 2952 -43.3685 -50.6391 160.884
25 2953 -36.3148 -55.5953 160.884
25 2954 -28.2356 -59.1076 160.884
25 2955 -20.0109 -62.0167 160.884
25 2956 -11.745 -64.8796 160.884
25 2957 -3.56515 -67.6431 160.884
25 2958 4.56213 -69.9699 160.884
25 2959 13.4395 -71.8004 160.884
25 2960 22.6719 -73.6607 160.884
25 2961 30.6732 -75.7438 160.884
25 2962 38.2618 -77.9263 160.884
25 2963 46.0568 -79.9404 160.884
25 2964 53.5783 -81.6095 160.884
25 2965 61.2195 -83.7356 160.884
25 2966 68.9113 -86.013 160.884
25 2967 77.3576 -89.2589 160.884
25 2968 86.4666 -91.8344 160.884
25 2969 95.6376 -92.8427 160.884
25 2970 104.564 -92.8763 160.884
25 2971 113.275 -93.3725 160.884
25 2972 121.494 -93.8257 160.884
25 2973 130.172 -94.2789 160.884
25 2974 139.374 -94.1878 160.884
25 2975 149.345 -93.8257 160.884
25 2976 159.553 -93.2738 160.884
25 2977 169.478 -93.5808 160.884
25 2978 178.934 -94.7752 160.884
25 2979 187.827 -96.1259 160.884
25 2980 196.754 -97.0602 160.884
25 2981 205.796 -97.5178 160.884
25 2982 215.365 -97.5172 160.884
25 2983 225.572 -97.8887 160.884
25 2984 236.093 -98.1248 160.884
25 2985 246.757 -97.6197 160.884
25 2986 256.556 -95.9595 160.884
25 2987 265.194 -93.9947 160.884
25 2988 273.561 -92.2958 160.884
25 2989 281.807 -90.7274 160.884
25 2990 290.651 -89.5481 160.884
25 2991 300.551 -87.5847 160.884
25 2992 310.898 -85.0016 160.884
25 2993 320.008 -83.3077 160.884
25 2994 328.306 -82.4684 160.884
25 2995 335.723 -81.6468 160.884
25 2996 343.051 -80.3455 160.884
25 2997 350.19 -78.8194 160.884
25 2998 357.496 -77.0502 160.884
25 2999 365.895 -75.2007 160.884
25 3000 374.7 -72.9258 160.884
25 3001 383.573 -70.437 160.884
26 3044 -136.792 136.091 168.019
26 3045 -136.563 124.958 168.019
26 3046 -136.536 114.404 168.019
26 3047 -137.357 104.668 168.019
26 3048 -139.06 96.2829 168.019
26 3049 -140.866 88.6967 168.019
26 3050 -140.932 80.5799 168.019
26 3051 -138.579 70.9877 168.019
26 3052 -135.329 61.2592 168.019
26 3053 -131.188 52.1025 168.019
26 3054 -126.635 43.5014 168.019
26 3055 -122.213 35.5591 168.019
26 3056 -115.491 23.9729 168.019
26 3057 -110.346 16.1408 168.019
26 3058 -104.873 7.70925 168.019
26 3059 -99.3854 -0.986948 168.019
26 3060 -94.2806 -10.3883 168.019
26 3061 -89.4079 -20.0949 168.019
26 3062 -83.9414 -29.291 168.019
26 3063 -77.283 -37.9728 168.019
26 3064 -69.2575 -45.3945 168.019
26 3065 -60.4794 -51.9553 168.019
26 3066 -51.4146 -57.7753 168.019
26 3067 -42.268 -63.5934 168.019
26 3068 -32.5419 -68.55 168.019
26 3069 -22.7414 -72.4173 168.019
26 3070 -13.3488 -75.9486 168.019
26 3071 -4.06014 -79.742 168.019
26 3072 4.78309 -83.7231 168.019
26 3073 13.249 -87.5297 168.019
26 3074 21.9603 -91.2349 168.019
26 3075 31.1076 -95.2768 168.019
26 3076 39.9101 -99.4494 168.019
26 3077 48.9548 -103.745 168.019
26 3078 58.2604 -107.571 168.019
26 3079 68.345 -110.394 168.019
26 3080 78.6041 -112.284 168.019
26 3081 88.3877 -113.444 168.019
26 3082 97.5544 -114.271 168.019
26 3083 106.801 -114.889 168.019
26 3084 116.448 -115.079 168.019
26 3085 126.243 -114.753 168.019
26 3086 135.91 -114.383 168.019
26 3087 146.105 -114.076 168.019
26 3088 156.316 -114.434 168.019
26 3089 165.782 -115.358 168.019
26 3090 174.977 -116.177 168.019
26 3091 184.291 -117.091 168.019
26 3092 193.397 -118.32 168.019
26 3093 203.373 -119.687 168.019
26 3094 213.25 -120.815 168.019
26 3095 223.181 -121.723 168.019
26 3096 233.798 -122.005 168.019
26 3097 243.354 -121.541 168.019
26 3098 251.942 -121.183 168.019
26 3099 260.492 -120.87 168.019
26 3100 269.148 -120.24 168.019
26 3101 277.98 -118.869 168.019
26 3102 287.557 -117.082 168.019
26 3103 297.747 -115.013 168.019
26 3104 308.51 -113.588 168.019
26 3105 318.314 -112.69 168.019
26 3106 327.132 -111.341 168.019
26 3107 335.708 -110.004 168.019
26 3108 344.26 -108.774 168.019
26 3109 353.135 -107.711 168.019
26 3110 362.381 -106.548 168.019
26 3111 371.699 -104.83 168.019
26 3112 381.642 -102.321 168.019
