1 36 -153.421 393.221 174.832
1 37 -151.893 381.936 174.832
1 38 -150.571 371.005 174.832
1 39 -149.776 361.186 174.832
1 40 -149.576 351.055 174.832
1 41 -150.02 340.471 174.832
1 42 -150.437 329.081 174.832
1 43 -150.784 317.228 174.832
1 44 -150.984 305.353 174.832
1 45 -150.87 293.79 174.832
1 46 -150.193 283.072 174.832
1 47 -148.915 273.082 174.832
1 48 -146.929 263.49 174.832
1 49 -144.847 253.68 174.832
1 50 -142.817 243.491 174.832
1 51 -140.719 233.239 174.832
1 52 -138.4 223.008 174.832
1 53 -135.925 213.024 174.832
1 54 -133.488 203.31 174.832
1 55 -131.523 193.976 174.832
1 56 -130.237 184.635 174.832
1 57 -129.27 175.1 174.832
1 58 -128.245 165.028 174.832
1 59 -127.268 154.513 174.832
1 60 -126.042 143.713 174.832
1 61 -124.279 132.991 174.832
1 62 -121.914 122.504 174.832
1 63 -119.074 112.857 174.832
1 64 -115.14 103.607 174.832
1 65 -111.243 94.9378 174.832
1 66 -107.055 86.1642 174.832
1 67 -102.864 77.7381 174.832
1 68 -98.3973 69.4034 174.832
1 69 -93.3031 61.2021 174.832
1 70 -87.8088 53.4954 174.832
1 71 -82.2079 45.5502 174.832
1 72 -77.1116 37.391 174.832
1 73 -72.3077 29.4763 174.832
1 74 -67.7499 21.8155 174.832
1 75 -63.2721 13.9406 174.832
1 76 -58.2133 6.09661 174.832
1 77 -52.7083 -1.77417 174.832
1 78 -46.5249 -9.48649 174.832
1 79 -39.6189 -16.286 174.832
1 80 -32.072 -22.0518 174.832
1 81 -24.111 -27.153 174.832
1 82 -16.1718 -31.7543 174.832
1 83 -8.58753 -35.5575 174.832
1 84 -1.08315 -38.8883 174.832
1 85 7.4808 -41.6312 174.832
1 86 16.2535 -44.3692 174.832
1 87 25.1472 -47.2355 174.832
1 88 34.1398 -50.4396 174.832
1 89 43.0206 -54.2875 174.832
1 90 51.1801 -57.8888 174.832
1 91 59.2924 -61.3373 174.832
1 92 66.8109 -64.3805 174.832
1 93 74.8299 -67.2217 174.832
1 94 83.9995 -70.3151 174.832
1 95 94.1804 -73.0824 174.832
1 96 104.588 -75.3682 174.832
1 97 115.703 -76.8671 174.832
2 147 -176.596 398.862 171.55
2 148 -176.226 387.994 171.55
2 149 -175.859 376.503 171.55
2 150 -175.353 364.905 171.55
2 151 -174.741 354.004 171.55
2 152 -174.418 343.703 171.55
2 153 -174.776 333.553 171.55
2 154 -175.366 323.524 171.55
2 155 -175.981 312.993 171.55
2 156 -176.729 301.796 171.55
2 157 -177.39 290.048 171.55
2 158 -177.799 278.175 171.55
2 159 -177.717 267.071 171.55
2 160 -177.351 256.554 171.55
2 161 -176.756 246.272 171.55
2 162 -176.084 236.194 171.55
2 163 -175.725 225.461 171.55
2 164 -175.228 214.631 171.55
2 165 -174.563 203.385 171.55
2 166 -173.191 192.146 171.55
2 167 -171.592 180.734 171.55
2 168 -169.986 169.713 171.55
2 169 -169.281 159.293 171.55
2 170 -168.567 149.032 171.55
2 171 -167.954 138.516 171.55
2 172 -167.317 127.724 171.55
2 173 -166.42 116.618 171.55
2 174 -164.7 104.872 171.55
2 175 -162.534 93.9042 171.55
2 176 -159.79 83.5518 171.55
2 177 -156.416 73.8245 171.55
2 178 -152.898 64.3769 171.55
2 179 -149.358 54.9869 171.55
2 180 -145.179 45.3896 171.55
2 181 -140.629 35.9294 171.55
2 182 -135.14 26.5869 171.55
2 183 -129.834 17.5393 171.55
2 184 -124.343 8.68957 171.55
2 185 -119.313 0.000647778 171.55
2 186 -113.803 -8.71131 171.55
2 187 -108.525 -17.1435 171.55
2 188 -102.654 -25.4337 171.55
2 189 -96.2724 -33.9374 171.55
2 190 -89.027 -42.4471 171.55
2 191 -80.9387 -49.7788 171.55
2 192 -72.6405 -56.1388 171.55
2 193 -64.5835 -61.6609 171.55
2 194 -56.6358 -66.8703 171.55
2 195 -48.4307 -71.7699 171.55
2 196 -39.7472 -76.6384 171.55
2 197 -30.3977 -81.1657 171.55
2 198 -20.667 -85.688 171.55
2 199 -10.6746 -90.4593 171.55
2 200 -0.587973 -95.6238 171.55
2 201 9.39237 -100.233 171.55
2 202 19.1602 -104.709 171.55
2 203 28.6242 -108.628 171.55
2 204 38.4827 -112.442 171.55
2 205 49.4237 -116.356 171.55
2 206 60.543 -119.739 171.55
2 207 71.8012 -122.356 171.55
2 208 82.2917 -124.26 171.55
2 209 92.061 -126.149 171.55
2 210 101.343 -127.722 171.55
2 211 110.743 -129.179 171.55
3 270 -127.207 414.547 153.541
3 271 -126.589 403.478 153.541
3 272 -125.985 393.325 153.541
3 273 -125.51 383.687 153.541
3 274 -125.253 373.668 153.541
3 275 -125.784 363.443 153.541
3 276 -126.896 352.766 153.541
3 277 -127.955 341.774 153.541
3 278 -128.279 331.001 153.541
3 279 -128.222 320.751 153.541
3 280 -127.942 311.402 153.541
3 281 -127.86 302.194 153.541
3 282 -127.839 292.459 153.541
3 283 -127.531 282.368 153.541
3 284 -126.959 272.217 153.541
3 285 -126.242 261.896 153.541
3 286 -125.643 251.577 153.541
3 287 -125.179 241.634 153.541
3 288 -124.547 232.048 153.541
3 289 -124.075 222.578 153.541
3 290 -123.995 213.17 153.541
3 291 -124.203 203.884 153.541
3 292 -124.483 193.731 153.541
3 293 -124.428 183.474 153.541
3 294 -123.891 173.412 153.541
3 295 -123.318 164.318 153.541
3 296 -122.764 154.832 153.541
3 297 -122.099 145.138 153.541
3 298 -120.598 135.366 153.541
3 299 -119.276 125.912 153.541
3 300 -117.754 116.495 153.541
3 301 -116.01 106.805 153.541
3 302 -114.031 97.3732 153.541
3 303 -111.676 87.9144 153.541
3 304 -109.219 78.512 153.541
3 305 -107.012 69.1044 153.541
3 306 -105.358 59.7497 153.541
3 307 -103.648 50.6909 153.541
3 308 -101.239 41.9198 153.541
3 309 -97.8177 33.419 153.541
3 310 -93.698 25.8073 153.541
3 311 -89.1227 18.8631 153.541
3 312 -83.7672 11.8595 153.541
3 313 -78.3817 5.25107 153.541
3 314 -72.8112 -1.06462 153.541
3 315 -67.0459 -7.10224 153.541
3 316 -60.664 -12.9443 153.541
3 317 -53.7745 -18.2514 153.541
3 318 -46.278 -23.8695 153.541
3 319 -38.3994 -29.4651 153.541
3 320 -31.1316 -34.9966 153.541
3 321 -24.4635 -40.5319 153.541
3 322 -17.9436 -45.5478 153.541
3 323 -11.5703 -49.8733 153.541
3 324 -3.90207 -53.87 153.541
3 325 4.83275 -57.772 153.541
3 326 13.956 -61.7643 153.541
3 327 23.3202 -65.7239 153.541
3 328 32.684 -69.1013 153.541
3 329 41.3283 -71.8789 153.541
3 330 49.4563 -74.2841 153.541
3 331 57.7991 -76.6831 153.541
3 332 67.0581 -79.4274 153.541
3 333 77.2316 -82.5587 153.541
3 334 87.5607 -85.763 153.541
3 335 98.419 -89.6244 153.541
3 336 108.437 -93.8153 153.541
3 337 116.769 -98.5832 153.541
3 338 124.687 -102.463 153.541
4 392 -157.428 389.172 181.051
4 393 -158.112 377.87 181.051
4 394 -158.926 365.606 181.051
4 395 -159.742 352.823 181.051
4 396 -160.57 340.657 181.051
4 397 -161.111 329.33 181.051
4 398 -161.18 318.824 181.051
4 399 -160.978 308.699 181.051
4 400 -160.199 298.644 181.051
4 401 -159.096 288.076 181.051
4 402 -157.899 276.77 181.051
4 403 -156.508 264.954 181.051
4 404 -154.842 253 181.051
4 405 -152.81 241.423 181.051
4 406 -150.527 230.491 181.051
4 407 -148.133 219.924 181.051
4 408 -146.297 209.57 181.051
4 409 -145.018 199.289 181.051
4 410 -143.899 188.738 181.051
4 411 -142.848 177.479 181.051
4 412 -141.738 166.291 181.051
4 413 -140.57 155.007 181.051
4 414 -139.224 143.981 181.051
4 415 -137.738 133.222 181.051
4 416 -135.569 122.823 181.051
4 417 -132.403 112.897 181.051
4 418 -128.071 103.205 181.051
4 419 -123.603 93.7798 181.051
4 420 -118.772 84.2419 181.051
4 421 -113.957 75.0204 181.051
4 422 -108.416 65.8548 181.051
4 423 -102.623 57.0481 181.051
4 424 -96.1923 48.2373 181.051
4 425 -89.0546 39.6725 181.051
4 426 -82.3754 30.703 181.051
4 427 -76.0432 21.9341 181.051
4 428 -69.6945 13.7718 181.051
4 429 -63.4661 5.97995 181.051
4 430 -57.393 -1.7833 181.051
4 431 -51.0645 -9.37348 181.051
4 432 -44.232 -16.8157 181.051
4 433 -36.4198 -24.3202 181.051
4 434 -28.7105 -31.2494 181.051
4 435 -19.7804 -37.4215 181.051
4 436 -10.5861 -42.6312 181.051
4 437 -1.85838 -47.0546 181.051
4 438 6.53275 -51.381 181.051
4 439 15.2736 -55.4947 181.051
4 440 24.1475 -59.1446 181.051
4 441 34.0155 -62.4127 181.051
4 442 44.645 -65.7737 181.051
4 443 55.2156 -69.0008 181.051
4 444 65.9399 -72.9654 181.051
4 445 76.1664 -76.729 181.051
4 446 85.4923 -80.4054 181.051
4 447 94.2516 -83.3169 181.051
4 448 102.968 -86.0532 181.051
4 449 112.07 -88.7782 181.051
5 492 -173.544 410.551 159.164
5 493 -172.719 397.843 159.164
5 494 -172.003 384.314 159.164
5 495 -171.517 370.891 159.164
5 496 -171.247 358.105 159.164
5 497 -170.875 346.071 159.164
5 498 -170.377 334.238 159.164
5 499 -169.53 322.263 159.164
5 500 -168.497 309.871 159.164
5 501 -167.35 297.018 159.164
5 502 -166.064 284.141 159.164
5 503 -164.642 271.641 159.164
5 504 -163.139 260.157 159.164
5 505 -161.345 248.832 159.164
5 506 -159.483 237.317 159.164
5 507 -157.67 225.697 159.164
5 508 -155.761 213.552 159.164
5 509 -153.925 201.135 159.164
5 510 -151.974 189.266 159.164
5 511 -149.93 178.071 159.164
5 512 -147.348 167.017 159.164
5 513 -144.351 155.816 159.164
5 514 -141.109 144.79 159.164
5 515 -137.597 133.814 159.164
5 516 -133.994 122.829 159.164
5 517 -129.684 112.231 159.164
5 518 -125.486 102.192 159.164
5 519 -120.351 92.4469 159.164
5 520 -115.155 81.8964 159.164
5 521 -110.248 71.6495 159.164
5 522 -105.585 61.5952 159.164
5 523 -100.691 51.7054 159.164
5 524 -95.299 41.972 159.164
5 525 -89.1937 32.6027 159.164
5 526 -82.7935 23.4911 159.164
5 527 -75.5657 14.225 159.164
5 528 -68.336 5.92807 159.164
5 529 -61.3636 -1.87827 159.164
5 530 -54.1339 -9.3318 159.164
5 531 -46.1074 -16.2358 159.164
5 532 -37.7514 -22.9634 159.164
5 533 -28.77 -29.2122 159.164
5 534 -19.0842 -35.2407 159.164
5 535 -9.26295 -41.6529 159.164
5 536 -0.405722 -47.483 159.164
5 537 8.79507 -52.8968 159.164
5 538 17.6298 -57.9592 159.164
5 539 27.333 -63.0609 159.164
5 540 37.6454 -67.8664 159.164
5 541 48.7161 -72.8148 159.164
5 542 60.2388 -77.4214 159.164
5 543 70.6434 -80.6617 159.164
5 544 80.8329 -83.3273 159.164
5 545 90.6312 -85.0943 159.164
5 546 101.466 -86.9029 159.164
5 547 112.451 -88.5754 159.164
5 548 124.195 -90.3221 159.164
6 645 -130.281 397.46 175.509
6 646 -129.61 388.239 175.509
6 647 -129.046 378.183 175.509
6 648 -128.56 368.012 175.509
6 649 -128.131 358.2 175.509
6 650 -127.687 349.309 175.509
6 651 -126.585 341.519 175.509
6 652 -124.826 334.698 175.509
6 653 -122.952 327.567 175.509
6 654 -121.065 319.323 175.509
6 655 -119.197 310.335 175.509
6 656 -116.856 300.966 175.509
6 657 -114.063 291.682 175.509
6 658 -110.939 282.764 175.509
6 659 -107.768 274.124 175.509
6 660 -105.212 265.363 175.509
6 661 -103.87 257.722 175.509
6 662 -102.787 249.507 175.509
6 663 -101.645 240.788 175.509
6 664 -100.485 231.618 175.509
6 665 -99.5073 222.182 175.509
6 666 -98.7352 212.791 175.509
6 667 -97.8961 203.969 175.509
6 668 -96.6909 195.421 175.509
6 669 -94.684 188.164 175.509
6 670 -92.7474 181.075 175.509
6 671 -90.9526 173.306 175.509
6 672 -89.0442 165.22 175.509
6 673 -86.8599 156.925 175.509
6 674 -83.905 148.393 175.509
6 675 -80.6413 139.998 175.509
6 676 -77.0674 131.818 175.509
6 677 -73.6368 123.688 175.509
6 678 -71.0939 116.062 175.509
6 679 -69.3864 108.296 175.509
6 680 -68.0987 100.422 175.509
6 681 -66.8742 91.9915 175.509
6 682 -66.0921 82.8267 175.509
6 683 -65.4089 73.6149 175.509
6 684 -64.3959 64.1982 175.509
6 685 -62.4065 55.5534 175.509
6 686 -59.7429 47.6882 175.509
6 687 -56.509 40.125 175.509
6 688 -53.3204 32.7089 175.509
6 689 -50.0046 25.1134 175.509
6 690 -46.217 17.4936 175.509
6 691 -41.3992 10.044 175.509
6 692 -35.2548 2.91256 175.509
6 693 -28.6746 -3.77031 175.509
6 694 -22.3975 -9.88534 175.509
6 695 -16.3792 -15.2701 175.509
6 696 -10.5578 -19.4621 175.509
6 697 -4.58104 -23.5411 175.509
6 698 1.46541 -28.279 175.509
6 699 7.99078 -33.4637 175.509
6 700 14.9944 -38.9678 175.509
6 701 22.9106 -44.2795 175.509
6 702 31.2993 -48.7093 175.509
6 703 39.4383 -51.5379 175.509
6 704 47.2219 -53.4065 175.509
6 705 54.4291 -54.8716 175.509
6 706 61.2435 -56.0738 175.509
6 707 68.4969 -56.911 175.509
6 708 76.4957 -57.2869 175.509
6 709 85.4726 -57.8867 175.509
6 710 94.4026 -58.6922 175.509
6 711 103.752 -60.1466 175.509
6 712 112.559 -61.9505 175.509
7 749 -168.677 409.302 163.348
7 750 -168.158 396.994 163.348
7 751 -167.794 385.102 163.348
7 752 -167.622 373.539 163.348
7 753 -167.617 361.447 163.348
7 754 -167.547 349.024 163.348
7 755 -167.112 336.474 163.348
7 756 -166.51 324.238 163.348
7 757 -165.988 312.115 163.348
7 758 -165.6 300.692 163.348
7 759 -165.239 289.554 163.348
7 760 -164.653 277.712 163.348
7 761 -164.363 266.26 163.348
7 762 -164.002 255.064 163.348
7 763 -163.494 243.257 163.348
7 764 -162.987 231.209 163.348
7 765 -162.342 218.7 163.348
7 766 -161.659 206.511 163.348
7 767 -160.716 194.618 163.348
7 768 -159.593 183.047 163.348
7 769 -158.454 171.856 163.348
7 770 -157.247 160.53 163.348
7 771 -155.822 148.79 163.348
7 772 -154.413 137.221 163.348
7 773 -152.896 125.91 163.348
7 774 -151.289 114.477 163.348
7 775 -149.444 103.019 163.348
7 776 -147.25 91.6406 163.348
7 777 -144.566 80.6636 163.348
7 778 -141.593 69.7014 163.348
7 779 -138.518 58.7372 163.348
7 780 -134.144 47.5828 163.348
7 781 -129.232 36.7664 163.348
7 782 -123.447 26.4913 163.348
7 783 -117.135 16.823 163.348
7 784 -110.642 8.1652 163.348
7 785 -104.239 -0.532882 163.348
7 786 -97.4726 -8.64573 163.348
7 787 -90.2782 -16.4887 163.348
7 788 -82.4842 -24.4326 163.348
7 789 -74.2827 -32.1939 163.348
7 790 -65.1519 -40.1921 163.348
7 791 -55.9928 -47.8057 163.348
7 792 -47.1183 -54.7036 163.348
7 793 -38.2647 -60.654 163.348
7 794 -29.3825 -66.1352 163.348
7 795 -19.5431 -71.4183 163.348
7 796 -8.69863 -76.6992 163.348
7 797 2.53835 -81.5885 163.348
7 798 13.8828 -86.0303 163.348
7 799 24.606 -89.6111 163.348
7 800 35.1116 -92.7436 163.348
7 801 45.3739 -95.4828 163.348
7 802 56.2044 -98.2013 163.348
7 803 67.7752 -101.067 163.348
7 804 79.8105 -103.932 163.348
7 805 92.5858 -106.967 163.348
7 806 104.833 -109.753 163.348
7 807 115.575 -111.823 163.348
8 863 -183.06 395.906 171.55
8 864 -184.531 385.853 171.55
8 865 -185.636 376.763 171.55
8 866 -185.927 367.951 171.55
8 867 -185.322 358.734 171.55
8 868 -184.324 348.611 171.55
8 869 -183.067 337.225 171.55
8 870 -181.553 325.476 171.55
8 871 -179.731 314.667 171.55
8 872 -178.079 305.103 171.55
8 873 -177.096 296.167 171.55
8 874 -177.497 286.999 171.55
8 875 -178.355 277.34 171.55
8 876 -179.189 267.014 171.55
8 877 -180.157 255.359 171.55
8 878 -180.936 243.644 171.55
8 879 -181.757 233.02 171.55
8 880 -182.471 223.473 171.55
8 881 -182.406 214.181 171.55
8 882 -181.136 204.845 171.55
8 883 -179.632 195.059 171.55
8 884 -177.862 184.247 171.55
8 885 -175.884 173.141 171.55
8 886 -173.616 162.395 171.55
8 887 -171.026 152.829 171.55
8 888 -168.408 143.63 171.55
8 889 -166.491 134.342 171.55
8 890 -164.737 124.431 171.55
8 891 -163.064 114.099 171.55
8 892 -161.046 103.218 171.55
8 893 -158.962 91.8061 171.55
8 894 -156.407 80.5052 171.55
8 895 -153.703 70.1513 171.55
8 896 -150.104 60.7983 171.55
8 897 -144.838 52.4819 171.55
8 898 -139.209 45.019 171.55
8 899 -133.098 37.5349 171.55
8 900 -126.307 29.9529 171.55
8 901 -119.228 22.2995 171.55
8 902 -111.324 15.1369 171.55
8 903 -103.761 8.93502 171.55
8 904 -96.3376 2.06522 171.55
8 905 -89.5169 -4.92735 171.55
8 906 -83.0393 -11.7143 171.55
8 907 -76.1641 -18.8747 171.55
8 908 -68.6205 -26.0361 171.55
8 909 -60.6937 -33.3505 171.55
8 910 -53.0449 -40.0136 171.55
8 911 -44.9324 -46.0195 171.55
8 912 -35.6168 -50.2573 171.55
8 913 -26.7546 -53.3263 171.55
8 914 -18.3302 -56.0849 171.55
8 915 -9.42831 -58.5302 171.55
8 916 -0.00514476 -61.1889 171.55
8 917 10.0362 -63.169 171.55
8 918 19.9693 -64.8202 171.55
8 919 29.9305 -67.3216 171.55
8 920 39.107 -70.8176 171.55
8 921 47.6745 -73.8956 171.55
8 922 56.2798 -76.8084 171.55
8 923 65.5858 -79.4459 171.55
8 924 75.3673 -82.4541 171.55
8 925 85.5842 -86.0075 171.55
8 926 95.9935 -89.697 171.55
8 927 106.879 -91.8914 171.55
8 928 117.146 -92.4444 171.55
9 983 -181.151 395.662 168.924
9 984 -179.657 385.336 168.924
9 985 -178.304 375.805 168.924
9 986 -177.515 366.663 168.924
9 987 -177.089 357.113 168.924
9 988 -176.991 346.579 168.924
9 989 -177.324 335.366 168.924
9 990 -178.107 323.833 168.924
9 991 -179.146 312.304 168.924
9 992 -180.023 301.092 168.924
9 993 -180.829 290.812 168.924
9 994 -180.732 281.17 168.924
9 995 -179.564 272.117 168.924
9 996 -178.223 263.009 168.924
9 997 -176.759 252.82 168.924
9 998 -175.027 242.111 168.924
9 999 -172.886 231.585 168.924
9 1000 -170.389 221.055 168.924
9 1001 -168.025 211.123 168.924
9 1002 -166.41 201.307 168.924
9 1003 -165.619 192.097 168.924
9 1004 -164.912 182.746 168.924
9 1005 -164.571 172.884 168.924
9 1006 -164.461 162.571 168.924
9 1007 -164.39 152.089 168.924
9 1008 -164.361 141.739 168.924
9 1009 -164.101 132.105 168.924
9 1010 -162.823 122.746 168.924
9 1011 -160.862 113.699 168.924
9 1012 -158.717 104.852 168.924
9 1013 -156.306 95.6611 168.924
9 1014 -153.605 86.6967 168.924
9 1015 -150.545 77.6142 168.924
9 1016 -146.389 68.3621 168.924
9 1017 -142.437 59.9905 168.924
9 1018 -138.758 51.2978 168.924
9 1019 -134.986 42.8415 168.924
9 1020 -131.702 34.6147 168.924
9 1021 -128.099 26.3583 168.924
9 1022 -124.589 18.0982 168.924
9 1023 -120.902 9.47878 168.924
9 1024 -116.586 0.844472 168.924
9 1025 -111.976 -7.64629 168.924
9 1026 -106.609 -15.6188 168.924
9 1027 -100.63 -22.3262 168.924
9 1028 -94.8388 -28.8332 168.924
9 1029 -88.9191 -34.6881 168.924
9 1030 -82.6793 -39.999 168.924
9 1031 -76.1483 -45.2496 168.924
9 1032 -69.046 -50.0479 168.924
9 1033 -61.2318 -54.5998 168.924
9 1034 -53.5999 -59.2083 168.924
9 1035 -46.1623 -64.3671 168.924
9 1036 -38.9705 -69.2939 168.924
9 1037 -31.9906 -74.4808 168.924
9 1038 -25.0277 -79.5438 168.924
9 1039 -17.5853 -84.5356 168.924
9 1040 -9.62822 -89.9557 168.924
9 1041 -1.12142 -95.5801 168.924
9 1042 7.51699 -100.41 168.924
9 1043 16.643 -104.201 168.924
9 1044 25.7062 -106.887 168.924
9 1045 33.9521 -108.793 168.924
9 1046 42.2481 -110.132 168.924
9 1047 50.688 -111.232 168.924
9 1048 59.7572 -112.137 168.924
9 1049 69.9996 -112.597 168.924
9 1050 80.2581 -113.396 168.924
9 1051 90.5758 -114.869 168.924
9 1052 100.425 -116.897 168.924
9 1053 109.705 -118.811 168.924
9 1054 118.538 -120.57 168.924
10 1097 -168.161 407.069 162.451
10 1098 -168.479 395.944 162.451
10 1099 -168.88 384.524 162.451
10 1100 -169.301 373.361 162.451
10 1101 -169.582 362.503 162.451
10 1102 -169.327 352.198 162.451
10 1103 -168.271 342.622 162.451
10 1104 -166.59 332.711 162.451
10 1105 -164.746 322.508 162.451
10 1106 -162.719 312.171 162.451
10 1107 -160.137 302.152 162.451
10 1108 -157.133 292.206 162.451
10 1109 -154.249 281.703 162.451
10 1110 -152.467 271.513 162.451
10 1111 -151.905 261.401 162.451
10 1112 -151.646 250.88 162.451
10 1113 -151.367 239.786 162.451
10 1114 -150.831 228.535 162.451
10 1115 -149.932 217.142 162.451
10 1116 -148.599 205.832 162.451
10 1117 -146.461 195.595 162.451
10 1118 -144.036 186.112 162.451
10 1119 -141.299 176.698 162.451
10 1120 -138.216 167.333 162.451
10 1121 -134.743 158.653 162.451
10 1122 -130.56 149.846 162.451
10 1123 -125.848 140.427 162.451
10 1124 -121.553 130.846 162.451
10 1125 -118.564 121.412 162.451
10 1126 -116.534 111.921 162.451
10 1127 -114.448 102.402 162.451
10 1128 -112.464 92.4822 162.451
10 1129 -109.993 82.3183 162.451
10 1130 -106.702 71.4949 162.451
10 1131 -102.906 60.1917 162.451
10 1132 -97.9795 50.1197 162.451
10 1133 -92.6915 41.2786 162.451
10 1134 -86.9587 33.0898 162.451
10 1135 -80.8497 25.6338 162.451
10 1136 -74.1274 19.1344 162.451
10 1137 -66.0685 12.3726 162.451
10 1138 -57.2601 5.05466 162.451
10 1139 -49.6698 -2.27537 162.451
10 1140 -42.7043 -9.58212 162.451
10 1141 -36.3607 -16.3288 162.451
10 1142 -29.6105 -23.3402 162.451
10 1143 -22.4613 -30.5897 162.451
10 1144 -14.2575 -38.4628 162.451
10 1145 -5.47142 -45.9832 162.451
10 1146 3.79001 -52.5154 162.451
10 1147 12.597 -57.7439 162.451
10 1148 20.9825 -62.032 162.451
10 1149 29.5298 -65.7173 162.451
10 1150 37.9157 -68.7656 162.451
10 1151 47.8013 -71.8401 162.451
10 1152 59.3119 -75.0617 162.451
10 1153 70.2746 -78.7584 162.451
10 1154 79.8278 -82.7805 162.451
10 1155 88.5579 -86.8107 162.451
10 1156 96.9482 -90.6973 162.451
10 1157 105.487 -94.4876 162.451
10 1158 114.739 -98.371 162.451
11 1202 -162.575 393.523 176.246
11 1203 -162.431 382.951 176.246
11 1204 -162.609 371.247 176.246
11 1205 -163.099 359.212 176.246
11 1206 -163.87 347.669 176.246
11 1207 -164.424 336.464 176.246
11 1208 -164.1 326.302 176.246
11 1209 -163.467 316.477 176.246
11 1210 -162.348 306.263 176.246
11 1211 -161.107 295.705 176.246
11 1212 -159.569 284.493 176.246
11 1213 -157.555 273.033 176.246
11 1214 -155.053 262.387 176.246
11 1215 -152.614 252.574 176.246
11 1216 -150.458 242.837 176.246
11 1217 -149.053 233.494 176.246
11 1218 -147.795 223.704 176.246
11 1219 -146.703 213.062 176.246
11 1220 -145.88 201.781 176.246
11 1221 -145.071 189.822 176.246
11 1222 -144.469 177.936 176.246
11 1223 -143.224 166.348 176.246
11 1224 -141.486 155.798 176.246
11 1225 -139.003 146.17 176.246
11 1226 -136.142 136.655 176.246
11 1227 -133.276 127.022 176.246
11 1228 -130.15 116.831 176.246
11 1229 -126.519 106.983 176.246
11 1230 -122.069 97.5192 176.246
11 1231 -117.532 88.5681 176.246
11 1232 -113.675 80.4696 176.246
11 1233 -110.238 72.5525 176.246
11 1234 -107.312 64.7496 176.246
11 1235 -104.534 56.4495 176.246
11 1236 -101.866 47.8497 176.246
11 1237 -99.1963 38.9803 176.246
11 1238 -96.1482 29.8205 176.246
11 1239 -92.2929 20.6631 176.246
11 1240 -87.6912 11.9516 176.246
11 1241 -82.0942 3.81337 176.246
11 1242 -76.3467 -3.41839 176.246
11 1243 -70.2627 -10.8301 176.246
11 1244 -64.36 -17.6049 176.246
11 1245 -57.9358 -24.3262 176.246
11 1246 -50.526 -30.0433 176.246
11 1247 -42.5266 -35.4755 176.246
11 1248 -34.3703 -41.3661 176.246
11 1249 -26.6542 -47.4804 176.246
11 1250 -19.6067 -53.2959 176.246
11 1251 -12.7918 -59.0712 176.246
11 1252 -5.81323 -64.9556 176.246
11 1253 0.915655 -70.9589 176.246
11 1254 8.47361 -77.3324 176.246
11 1255 16.7993 -83.6901 176.246
11 1256 25.5246 -88.9306 176.246
11 1257 34.7895 -93.558 176.246
11 1258 43.8318 -97.2241 176.246
11 1259 52.4287 -100.364 176.246
11 1260 60.8095 -102.849 176.246
11 1261 69.5409 -104.547 176.246
11 1262 79.4324 -105.598 176.246
11 1263 89.6627 -106.63 176.246
11 1264 100.309 -108.168 176.246
11 1265 110.561 -110.141 176.246
12 1325 -161.155 402.279 172.855
12 1326 -160.874 393 172.855
12 1327 -161.095 383.342 172.855
12 1328 -161.333 373.605 172.855
12 1329 -161.591 363.538 172.855
12 1330 -161.785 353.484 172.855
12 1331 -162.452 343.932 172.855
12 1332 -164.356 334.643 172.855
12 1333 -164.859 323.977 172.855
12 1334 -164.332 314.288 172.855
12 1335 -163.527 304.148 172.855
12 1336 -162.549 293.964 172.855
12 1337 -161.301 284.026 172.855
12 1338 -159.691 274.181 172.855
12 1339 -157.792 264.314 172.855
12 1340 -155.904 254.548 172.855
12 1341 -154.086 244.789 172.855
12 1342 -152.791 235.158 172.855
12 1343 -152.29 225.827 172.855
12 1344 -151.911 216.793 172.855
12 1345 -151.861 207.857 172.855
12 1346 -151.95 199.152 172.855
12 1347 -151.992 190.569 172.855
12 1348 -152.013 181.282 172.855
12 1349 -151.998 172.018 172.855
12 1350 -151.721 162.847 172.855
12 1351 -150.527 153.574 172.855
12 1352 -149.031 144.464 172.855
12 1353 -147.526 135.928 172.855
12 1354 -145.826 127.497 172.855
12 1355 -144.133 119.091 172.855
12 1356 -141.768 110.814 172.855
12 1357 -139.562 102.461 172.855
12 1358 -137.178 93.9375 172.855
12 1359 -134.951 85.6981 172.855
12 1360 -133.308 77.0927 172.855
12 1361 -132.245 68.7951 172.855
12 1362 -131.18 60.9469 172.855
12 1363 -129.883 53.2498 172.855
12 1364 -128.075 45.5167 172.855
12 1365 -125.549 37.4456 172.855
12 1366 -122.697 29.2077 172.855
12 1367 -119.947 20.8934 172.855
12 1368 -116.193 12.4948 172.855
12 1369 -112.626 4.39989 172.855
12 1370 -108.996 -3.36587 172.855
12 1371 -105.008 -10.3999 172.855
12 1372 -100.488 -17.085 172.855
12 1373 -95.5183 -23.3866 172.855
12 1374 -89.9077 -29.5145 172.855
12 1375 -84.1002 -35.0136 172.855
12 1376 -77.9801 -40.1306 172.855
12 1377 -72.1235 -45.7301 172.855
12 1378 -66.1899 -50.9823 172.855
12 1379 -60.5618 -55.9228 172.855
12 1380 -54.6284 -60.5335 172.855
12 1381 -48.5272 -64.8953 172.855
12 1382 -41.8778 -69.4786 172.855
12 1383 -34.201 -74.3754 172.855
12 1384 -26.2482 -79.522 172.855
12 1385 -17.4717 -83.9667 172.855
12 1386 -8.62986 -87.6975 172.855
12 1387 -0.227096 -90.329 172.855
12 1388 8.17019 -92.2706 172.855
12 1389 15.8939 -93.7867 172.855
12 1390 24.3066 -94.9834 172.855
12 1391 33.3736 -96.1357 172.855
12 1392 42.7479 -97.0962 172.855
12 1393 52.4313 -98.3111 172.855
12 1394 62.5175 -99.795 172.855
12 1395 72.0149 -101.79 172.855
12 1396 80.8055 -103.645 172.855
12 1397 88.983 -104.946 172.855
12 1398 96.8612 -105.97 172.855
12 1399 105.205 -107.137 172.855
12 1400 114.981 -108.96 172.855
13 1459 -166.274 397.312 173.598
13 1460 -163.65 387.6 173.598
13 1461 -162.074 378.708 173.598
13 1462 -160.883 370.628 173.598
13 1463 -159.731 362.882 173.598
13 1464 -158.981 353.613 173.598
13 1465 -158.878 343.319 173.598
13 1466 -159.353 332.719 173.598
13 1467 -160.15 322.018 173.598
13 1468 -160.492 312.34 173.598
13 1469 -160.057 303.016 173.598
13 1470 -157.988 294.279 173.598
13 1471 -155.457 286.211 173.598
13 1472 -152.362 278.257 173.598
13 1473 -149.406 269.63 173.598
13 1474 -145.835 260.5 173.598
13 1475 -141.739 251.269 173.598
13 1476 -137.623 242.454 173.598
13 1477 -134.483 233.536 173.598
13 1478 -132.87 224.473 173.598
13 1479 -131.8 215.562 173.598
13 1480 -131.134 206.362 173.598
13 1481 -130.65 196.466 173.598
13 1482 -130.502 185.77 173.598
13 1483 -130.517 174.612 173.598
13 1484 -130.847 163.948 173.598
13 1485 -130.174 154.017 173.598
13 1486 -128.324 145.113 173.598
13 1487 -125.863 136.848 173.598
13 1488 -122.629 128.897 173.598
13 1489 -119.618 120.563 173.598
13 1490 -116.197 111.66 173.598
13 1491 -112.108 102.369 173.598
13 1492 -107.601 93.5004 173.598
13 1493 -103.081 85.5662 173.598
13 1494 -99.4953 77.8097 173.598
13 1495 -96.8927 70.1263 173.598
13 1496 -94.6949 62.7971 173.598
13 1497 -92.8055 54.8392 173.598
13 1498 -90.809 45.9984 173.598
13 1499 -88.8275 36.7086 173.598
13 1500 -86.6654 27.5359 173.598
13 1501 -83.733 19.0042 173.598
13 1502 -79.3538 11.5138 173.598
13 1503 -73.6831 5.06212 173.598
13 1504 -67.5477 -0.470711 173.598
13 1505 -61.5632 -5.7833 173.598
13 1506 -55.4265 -10.7455 173.598
13 1507 -48.6983 -15.5439 173.598
13 1508 -41.218 -19.9322 173.598
13 1509 -32.9985 -24.6103 173.598
13 1510 -25.6117 -28.6763 173.598
13 1511 -19.3708 -33.6094 173.598
13 1512 -13.6848 -38.4579 173.598
13 1513 -8.07227 -43.1652 173.598
13 1514 -1.79464 -47.8889 173.598
13 1515 4.98639 -53.0626 173.598
13 1516 12.3937 -58.4311 173.598
13 1517 19.8121 -64.1503 173.598
13 1518 27.7279 -69.4013 173.598
13 1519 36.238 -72.9007 173.598
13 1520 45.5155 -75.2133 173.598
13 1521 53.951 -76.5537 173.598
13 1522 61.7165 -77.1134 173.598
13 1523 69.5959 -77.1001 173.598
13 1524 78.6534 -77.0428 173.598
13 1525 88.4396 -76.9772 173.598
13 1526 98.7264 -77.0712 173.598
13 1527 108.573 -78.0093 173.598
13 1528 117.871 -79.9108 173.598
14 1577 -132.14 404.979 158.84
14 1578 -129.686 393.261 158.84
14 1579 -126.466 381.167 158.84
14 1580 -122.755 369.688 158.84
14 1581 -119.502 358.261 158.84
14 1582 -117.568 348.533 158.84
14 1583 -116.401 338.575 158.84
14 1584 -115.429 327.547 158.84
14 1585 -114.781 315.84 158.84
14 1586 -114.702 303.462 158.84
14 1587 -114.841 291.119 158.84
14 1588 -114.659 279.497 158.84
14 1589 -113.101 268.993 158.84
14 1590 -110.683 259.368 158.84
14 1591 -107.706 249.425 158.84
14 1592 -104.721 239.035 158.84
14 1593 -101.544 228.018 158.84
14 1594 -97.7544 216.97 158.84
14 1595 -93.629 206.218 158.84
14 1596 -90.0773 195.964 158.84
14 1597 -88.0442 186.358 158.84
14 1598 -86.9465 177.1 158.84
14 1599 -86.2911 167.303 158.84
14 1600 -85.9835 157.118 158.84
14 1601 -86.1942 146.368 158.84
14 1602 -86.9182 135.007 158.84
14 1603 -87.1092 124.132 158.84
14 1604 -85.9229 113.856 158.84
14 1605 -83.3772 104.211 158.84
14 1606 -80.3971 94.6805 158.84
14 1607 -77.5846 84.7454 158.84
14 1608 -74.642 74.9573 158.84
14 1609 -71.1519 65.1847 158.84
14 1610 -67.7256 56.1819 158.84
14 1611 -63.4793 47.8243 158.84
14 1612 -59.3537 39.3434 158.84
14 1613 -55.6425 31.1878 158.84
14 1614 -52.0515 23.153 158.84
14 1615 -48.4362 15.084 158.84
14 1616 -44.8649 6.80241 158.84
14 1617 -41.1924 -1.86338 158.84
14 1618 -37.2401 -10.0438 158.84
14 1619 -32.2514 -17.2433 158.84
14 1620 -26.0311 -24.2711 158.84
14 1621 -19.1631 -30.3034 158.84
14 1622 -12.2815 -35.511 158.84
14 1623 -5.20253 -39.927 158.84
14 1624 2.74749 -43.5889 158.84
14 1625 11.7574 -46.3657 158.84
14 1626 20.8939 -49.0446 158.84
14 1627 30.2408 -51.9353 158.84
14 1628 39.3474 -54.9819 158.84
14 1629 48.1281 -57.9424 158.84
14 1630 56.9208 -60.7795 158.84
14 1631 65.6211 -63.8162 158.84
14 1632 75.4161 -67.7964 158.84
14 1633 85.9016 -72.3804 158.84
14 1634 97.0753 -76.1976 158.84
14 1635 109.156 -78.6589 158.84
14 1636 120.592 -79.8358 158.84
15 1688 -129.245 397.108 173.412
15 1689 -126.5 388.437 173.412
15 1690 -123.554 380.43 173.412
15 1691 -120.393 371.799 173.412
15 1692 -117.87 363.799 173.412
15 1693 -116.405 354.87 173.412
15 1694 -115.995 346.388 173.412
15 1695 -115.976 337.423 173.412
15 1696 -116.257 328.112 173.412
15 1697 -116.943 318.82 173.412
15 1698 -117.943 310.073 173.412
15 1699 -118.723 301.985 173.412
15 1700 -119.087 293.996 173.412
15 1701 -118.704 286.102 173.412
15 1702 -118.099 278.018 173.412
15 1703 -116.793 270.098 173.412
15 1704 -115.625 261.159 173.412
15 1705 -114.196 251.933 173.412
15 1706 -112.252 242.836 173.412
15 1707 -109.815 234.205 173.412
15 1708 -106.889 226.181 173.412
15 1709 -104.064 218.028 173.412
15 1710 -101.939 210.208 173.412
15 1711 -100.655 201.984 173.412
15 1712 -99.7382 193.516 173.412
15 1713 -99.3247 185.222 173.412
15 1714 -99.2736 176.19 173.412
15 1715 -99.1694 167.317 173.412
15 1716 -99.171 158.492 173.412
15 1717 -98.9556 149.842 173.412
15 1718 -98.1512 141.647 173.412
15 1719 -96.5905 133.823 173.412
15 1720 -94.7562 126.3 173.412
15 1721 -92.5757 118.598 173.412
15 1722 -90.2224 111.122 173.412
15 1723 -87.6634 103.846 173.412
15 1724 -84.0097 96.6124 173.412
15 1725 -80.1725 89.5815 173.412
15 1726 -75.5378 82.2889 173.412
15 1727 -71.036 74.2908 173.412
15 1728 -67.8585 66.077 173.412
15 1729 -65.4584 58.1933 173.412
15 1730 -63.0975 50.4485 173.412
15 1731 -60.7709 43.0699 173.412
15 1732 -58.66 35.2716 173.412
15 1733 -56.0339 26.6823 173.412
15 1734 -52.9607 18.2413 173.412
15 1735 -48.6642 9.94643 173.412
15 1736 -43.922 1.94766 173.412
15 1737 -38.9634 -4.45383 173.412
15 1738 -33.74 -9.84096 173.412
15 1739 -28.6465 -14.4847 173.412
15 1740 -23.5048 -18.7221 173.412
15 1741 -18.1545 -22.1311 173.412
15 1742 -12.5581 -25.073 173.412
15 1743 -5.84041 -27.727 173.412
15 1744 1.32429 -30.4632 173.412
15 1745 9.15615 -33.4617 173.412
15 1746 16.4329 -36.7184 173.412
15 1747 23.3307 -40.3112 173.412
15 1748 29.4802 -44.1675 173.412
15 1749 35.65 -48.092 173.412
15 1750 41.6629 -51.9528 173.412
15 1751 47.7126 -55.7233 173.412
15 1752 53.8661 -59.8641 173.412
15 1753 60.6809 -64.3063 173.412
15 1754 68.932 -68.9304 173.412
15 1755 77.9154 -72.7843 173.412
15 1756 86.2421 -75.2213 173.412
15 1757 93.7442 -76.3962 173.412
15 1758 100.595 -77.0454 173.412
15 1759 107.383 -77.1912 173.412
15 1760 114.225 -76.515 173.412
16 1806 -134.922 393.157 174.771
16 1807 -132.807 382.361 174.771
16 1808 -130.406 371.138 174.771
16 1809 -127.59 360.504 174.771
16 1810 -124.884 350.796 174.771
16 1811 -122.843 341.85 174.771
16 1812 -121.983 333.296 174.771
16 1813 -122.352 324.209 174.771
16 1814 -122.982 314.188 174.771
16 1815 -123.731 303.407 174.771
16 1816 -124.715 291.816 174.771
16 1817 -125.691 279.714 174.771
16 1818 -126.542 267.778 174.771
16 1819 -126.622 256.353 174.771
16 1820 -125.33 245.782 174.771
16 1821 -123.605 235.707 174.771
16 1822 -121.624 225.609 174.771
16 1823 -119.739 215.447 174.771
16 1824 -117.35 205.318 174.771
16 1825 -114.802 195.635 174.771
16 1826 -112.156 186.051 174.771
16 1827 -110.096 177.076 174.771
16 1828 -109.456 168.588 174.771
16 1829 -109.092 160.614 174.771
16 1830 -109.021 152.433 174.771
16 1831 -108.697 143.482 174.771
16 1832 -108.829 134.328 174.771
16 1833 -109.098 124.675 174.771
16 1834 -109.245 114.821 174.771
16 1835 -108.876 105.108 174.771
16 1836 -107.268 95.9907 174.771
16 1837 -105.052 87.0131 174.771
16 1838 -102.919 78.5835 174.771
16 1839 -101.003 69.7134 174.771
16 1840 -98.4999 60.6332 174.771
16 1841 -95.2708 51.7799 174.771
16 1842 -91.626 43.5392 174.771
16 1843 -87.4677 35.2057 174.771
16 1844 -84.2408 27.1233 174.771
16 1845 -81.6001 19.0322 174.771
16 1846 -79.327 11.0898 174.771
16 1847 -77.1841 3.16529 174.771
16 1848 -74.9317 -4.61612 174.771
16 1849 -72.8539 -12.5372 174.771
16 1850 -70.4832 -21.0164 174.771
16 1851 -67.429 -29.1431 174.771
16 1852 -63.3678 -37.1363 174.771
16 1853 -57.7867 -43.6968 174.771
16 1854 -51.4308 -50.042 174.771
16 1855 -44.8013 -55.8553 174.771
16 1856 -37.9915 -61.1843 174.771
16 1857 -30.6489 -65.6621 174.771
16 1858 -22.9145 -69.2263 174.771
16 1859 -14.0203 -72.0291 174.771
16 1860 -5.36445 -74.9992 174.771
16 1861 2.50712 -78.8422 174.771
16 1862 10.0378 -83.1499 174.771
16 1863 17.4016 -86.8183 174.771
16 1864 24.5893 -90.3556 174.771
16 1865 31.7411 -94.0307 174.771
16 1866 39.3106 -98.0575 174.771
16 1867 47.9398 -102.565 174.771
16 1868 57.5465 -106.89 174.771
16 1869 67.5554 -110.091 174.771
16 1870 77.7428 -111.36 174.771
16 1871 87.5614 -111.726 174.771
16 1872 96.5176 -111.68 174.771
16 1873 105.007 -110.985 174.771
16 1874 113.444 -109.578 174.771
17 1926 -163.485 397.388 172.669
17 1927 -162.198 387.816 172.669
17 1928 -160.842 377.927 172.669
17 1929 -159.471 368.193 172.669
17 1930 -158.177 359.019 172.669
17 1931 -157.538 350.564 172.669
17 1932 -157.647 342.324 172.669
17 1933 -158.177 333.467 172.669
17 1934 -158.776 323.678 172.669
17 1935 -159.256 313.077 172.669
17 1936 -159.682 302.411 172.669
17 1937 -160.129 292.213 172.669
17 1938 -160.342 282.746 172.669
17 1939 -160.263 274.098 172.669
17 1940 -159.542 265.138 172.669
17 1941 -157.812 255.951 172.669
17 1942 -155.65 246.354 172.669
17 1943 -153.575 236.671 172.669
17 1944 -151.534 226.38 172.669
17 1945 -149.464 216.251 172.669
17 1946 -147.59 206.259 172.669
17 1947 -146.278 196.889 172.669
17 1948 -145.677 187.74 172.669
17 1949 -145.915 178.366 172.669
17 1950 -146.123 168.695 172.669
17 1951 -146.387 158.638 172.669
17 1952 -146.538 148.25 172.669
17 1953 -146.505 138.063 172.669
17 1954 -146.597 128.351 172.669
17 1955 -146.12 119.185 172.669
17 1956 -145.148 109.833 172.669
17 1957 -142.628 101.138 172.669
17 1958 -139.916 92.7753 172.669
17 1959 -137.674 84.5591 172.669
17 1960 -135.168 76.014 172.669
17 1961 -132.89 67.4055 172.669
17 1962 -130.643 58.7503 172.669
17 1963 -128.11 50.0045 172.669
17 1964 -125.765 41.6109 172.669
17 1965 -123.729 32.8545 172.669
17 1966 -121.739 24.1083 172.669
17 1967 -119.666 15.4565 172.669
17 1968 -116.647 6.49317 172.669
17 1969 -113.698 -2.04586 172.669
17 1970 -110.734 -10.5537 172.669
17 1971 -107.44 -18.7688 172.669
17 1972 -103.357 -26.5856 172.669
17 1973 -98.1583 -34.2509 172.669
17 1974 -92.8183 -41.0998 172.669
17 1975 -87.3164 -47.3794 172.669
17 1976 -81.6732 -53.1117 172.669
17 1977 -76.2128 -58.8455 172.669
17 1978 -70.4325 -64.5081 172.669
17 1979 -63.9038 -70.1064 172.669
17 1980 -57.5206 -75.6048 172.669
17 1981 -51.137 -81.0509 172.669
17 1982 -45.076 -86.8879 172.669
17 1983 -38.6255 -92.5264 172.669
17 1984 -31.7735 -98.0143 172.669
17 1985 -24.695 -103.036 172.669
17 1986 -17.6289 -107.724 172.669
17 1987 -10.2427 -112.508 172.669
17 1988 -2.72763 -117.078 172.669
17 1989 5.50205 -121.317 172.669
17 1990 14.6911 -124.827 172.669
17 1991 23.5633 -127.078 172.669
17 1992 31.919 -128.665 172.669
17 1993 40.1741 -129.794 172.669
17 1994 48.616 -130.753 172.669
17 1995 57.3576 -131.462 172.669
17 1996 66.9246 -132.098 172.669
17 1997 76.8362 -133.222 172.669
17 1998 86.7422 -135.176 172.669
17 1999 96.1454 -137.428 172.669
17 2000 104.974 -139.321 172.669
17 2001 113.462 -140.726 172.669
18 2048 -149.268 383.557 194.906
18 2049 -147.32 373.89 194.906
18 2050 -145.233 363.002 194.906
18 2051 -143.294 351.22 194.906
18 2052 -141.328 338.98 194.906
18 2053 -139.148 326.933 194.906
18 2054 -136.822 315.339 194.906
18 2055 -134.559 304.211 194.906
18 2056 -132.669 293.604 194.906
18 2057 -131.304 282.894 194.906
18 2058 -130.555 271.768 194.906
18 2059 -130.074 259.993 194.906
18 2060 -129.705 247.688 194.906
18 2061 -129.363 235.469 194.906
18 2062 -128.948 223.912 194.906
18 2063 -128.146 212.832 194.906
18 2064 -126.25 202.413 194.906
18 2065 -123.598 192.361 194.906
18 2066 -120.414 182.405 194.906
18 2067 -117.063 172.791 194.906
18 2068 -113.377 162.986 194.906
18 2069 -109.568 152.674 194.906
18 2070 -105.793 142.385 194.906
18 2071 -102.199 131.97 194.906
18 2072 -98.6537 121.733 194.906
18 2073 -95.4094 111.739 194.906
18 2074 -92.9351 102.557 194.906
18 2075 -90.8565 93.6275 194.906
18 2076 -89.1548 84.6117 194.906
18 2077 -87.495 74.9912 194.906
18 2078 -85.4448 65.2078 194.906
18 2079 -82.8007 55.4085 194.906
18 2080 -79.4239 45.8478 194.906
18 2081 -74.8989 36.5149 194.906
18 2082 -69.5559 28.2912 194.906
18 2083 -63.6903 21.2087 194.906
18 2084 -57.7228 14.3437 194.906
18 2085 -51.5369 7.76858 194.906
18 2086 -45.0193 0.79318 194.906
18 2087 -37.9049 -5.86332 194.906
18 2088 -29.7183 -12.8833 194.906
18 2089 -21.6297 -18.8085 194.906
18 2090 -14.2758 -24.8513 194.906
18 2091 -7.96315 -30.4502 194.906
18 2092 -2.0786 -35.5486 194.906
18 2093 4.2841 -40.7578 194.906
18 2094 11.1733 -45.9264 194.906
18 2095 18.417 -51.0627 194.906
18 2096 26.8987 -56.311 194.906
18 2097 36.4829 -61.8922 194.906
18 2098 46.0671 -66.3259 194.906
18 2099 56.2043 -69.4858 194.906
18 2100 65.9056 -71.4501 194.906
18 2101 74.7819 -72.5343 194.906
18 2102 83.2371 -73.3841 194.906
18 2103 91.3907 -73.8088 194.906
18 2104 100.674 -74.4427 194.906
19 2157 -166.959 405.814 165.895
19 2158 -165.332 394.148 165.895
19 2159 -164.184 382.954 165.895
19 2160 -163.456 371.752 165.895
19 2161 -163.016 359.785 165.895
19 2162 -162.628 346.812 165.895
19 2163 -162.289 332.782 165.895
19 2164 -161.977 318.472 165.895
19 2165 -161.61 305.267 165.895
19 2166 -161.051 293.973 165.895
19 2167 -159.959 283.842 165.895
19 2168 -157.758 274.604 165.895
19 2169 -155.514 266.076 165.895
19 2170 -153.494 256.854 165.895
19 2171 -151.601 246.847 165.895
19 2172 -149.376 236.024 165.895
19 2173 -146.375 225.447 165.895
19 2174 -143.584 215.461 165.895
19 2175 -141.639 206.247 165.895
19 2176 -140.997 196.922 165.895
19 2177 -141.308 187.85 165.895
19 2178 -141.662 178.306 165.895
19 2179 -141.877 168.085 165.895
19 2180 -142.338 157.011 165.895
19 2181 -142.704 145.916 165.895
19 2182 -142.616 135.482 165.895
19 2183 -142.088 126.971 165.895
19 2184 -140.145 118.953 165.895
19 2185 -137.902 111.766 165.895
19 2186 -135.075 104.306 165.895
19 2187 -132.186 95.842 165.895
19 2188 -129.037 86.7704 165.895
19 2189 -125.296 77.2297 165.895
19 2190 -121.192 67.6601 165.895
19 2191 -117.572 58.5382 165.895
19 2192 -113.902 49.668 165.895
19 2193 -110.633 40.885 165.895
19 2194 -107.682 32.1097 165.895
19 2195 -104.241 23.149 165.895
19 2196 -100.6 13.8688 165.895
19 2197 -96.9164 4.57298 165.895
19 2198 -92.821 -4.2975 165.895
19 2199 -88.5844 -12.7624 165.895
19 2200 -83.2743 -20.4363 165.895
19 2201 -77.2576 -27.3817 165.895
19 2202 -70.6596 -34.0398 165.895
19 2203 -63.6809 -40.3841 165.895
19 2204 -56.6101 -46.5544 165.895
19 2205 -48.9298 -52.4223 165.895
19 2206 -41.1304 -57.6299 165.895
19 2207 -33.3334 -62.3648 165.895
19 2208 -25.2735 -67.2335 165.895
19 2209 -17.2247 -72.7549 165.895
19 2210 -9.92494 -77.9885 165.895
19 2211 -2.87688 -82.821 165.895
19 2212 3.99103 -87.3489 165.895
19 2213 11.738 -92.2594 165.895
19 2214 20.2336 -97.3799 165.895
19 2215 29.9209 -102.307 165.895
19 2216 39.574 -105.984 165.895
19 2217 49.322 -108.472 165.895
19 2218 59.6369 -110.664 165.895
19 2219 69.5502 -112.027 165.895
19 2220 79.0827 -112.553 165.895
19 2221 88.3226 -112.341 165.895
19 2222 97.9415 -111.982 165.895
19 2223 108.332 -112.478 165.895
19 2224 118.868 -113.432 165.895
20 2286 -159.004 405.178 164.751
20 2287 -160.633 396.229 164.751
20 2288 -161.648 387.977 164.751
20 2289 -161.614 380.294 164.751
20 2290 -160.597 372.526 164.751
20 2291 -159.094 363.793 164.751
20 2292 -157.241 354.191 164.751
20 2293 -154.893 344.252 164.751
20 2294 -152.171 334.477 164.751
20 2295 -149.507 325.426 164.751
20 2296 -147.657 317.022 164.751
20 2297 -146.875 308.784 164.751
20 2298 -146.884 300.04 164.751
20 2299 -147.115 290.581 164.751
20 2300 -147.716 280.248 164.751
20 2301 -148.758 269.586 164.751
20 2302 -150.091 259.187 164.751
20 2303 -151.107 249.121 164.751
20 2304 -151.395 239.279 164.751
20 2305 -150.359 229.589 164.751
20 2306 -148.551 219.972 164.751
20 2307 -146.9 209.892 164.751
20 2308 -144.887 199.624 164.751
20 2309 -142.493 189.745 164.751
20 2310 -139.343 179.573 164.751
20 2311 -135.896 169.741 164.751
20 2312 -133.255 159.919 164.751
20 2313 -131.408 150.705 164.751
20 2314 -130.563 141.598 164.751
20 2315 -129.966 132.363 164.751
20 2316 -129.884 123.002 164.751
20 2317 -129.646 113.571 164.751
20 2318 -129.502 103.887 164.751
20 2319 -128.687 93.9418 164.751
20 2320 -126.483 84.4591 164.751
20 2321 -123.22 76.2424 164.751
20 2322 -119.59 68.3363 164.751
20 2323 -115.738 60.5479 164.751
20 2324 -110.867 53.3839 164.751
20 2325 -105.615 45.9096 164.751
20 2326 -99.2566 38.6747 164.751
20 2327 -93.1352 31.5456 164.751
20 2328 -87.9239 24.3854 164.751
20 2329 -83.5604 17.5885 164.751
20 2330 -79.7154 10.9256 164.751
20 2331 -76.08 3.99834 164.751
20 2332 -72.5013 -3.27378 164.751
20 2333 -68.811 -11.3131 164.751
20 2334 -64.9752 -19.2257 164.751
20 2335 -60.1094 -27.029 164.751
20 2336 -53.7753 -33.6619 164.751
20 2337 -47.1326 -38.8268 164.751
20 2338 -40.4779 -43.1664 164.751
20 2339 -33.7286 -47.0376 164.751
20 2340 -26.1388 -50.2468 164.751
20 2341 -17.8197 -52.8241 164.751
20 2342 -8.99599 -55.1765 164.751
20 2343 -0.16098 -57.7651 164.751
20 2344 8.38406 -60.9119 164.751
20 2345 16.7419 -64.6304 164.751
20 2346 23.83 -68.3726 164.751
20 2347 31.0158 -72.2471 164.751
20 2348 38.3188 -76.4902 164.751
20 2349 45.8635 -81.1798 164.751
20 2350 54.2594 -85.921 164.751
20 2351 63.7587 -90.0802 164.751
20 2352 73.3712 -93.1125 164.751
20 2353 81.8732 -94.7768 164.751
20 2354 89.726 -95.4664 164.751
20 2355 97.5644 -95.5903 164.751
20 2356 105.983 -94.854 164.751
20 2357 115.486 -93.4834 164.751
21 2415 -142.53 411.267 158.775
21 2416 -141.441 400.827 158.775
21 2417 -140.559 390.554 158.775
21 2418 -139.867 380.353 158.775
21 2419 -139.179 370.416 158.775
21 2420 -138.081 360.781 158.775
21 2421 -136.81 351.312 158.775
21 2422 -134.947 341.401 158.775
21 2423 -132.696 330.979 158.775
21 2424 -130.853 320.189 158.775
21 2425 -128.873 309.042 158.775
21 2426 -127.333 298.3 158.775
21 2427 -125.763 287.988 158.775
21 2428 -124.015 277.961 158.775
21 2429 -122.2 268.329 158.775
21 2430 -120.423 258.77 158.775
21 2431 -118.811 249.276 158.775
21 2432 -117.342 239.401 158.775
21 2433 -116.22 229.597 158.775
21 2434 -115.21 219.601 158.775
21 2435 -114.384 209.771 158.775
21 2436 -113.478 199.93 158.775
21 2437 -111.979 190.143 158.775
21 2438 -110.268 180.407 158.775
21 2439 -108.378 170.447 158.775
21 2440 -106.574 160.801 158.775
21 2441 -104.953 151.804 158.775
21 2442 -103.653 143.125 158.775
21 2443 -102.287 134.169 158.775
21 2444 -100.655 124.916 158.775
21 2445 -98.8702 115.804 158.775
21 2446 -96.7522 106.886 158.775
21 2447 -95.0188 98.0746 158.775
21 2448 -93.6415 89.609 158.775
21 2449 -92.5584 81.089 158.775
21 2450 -91.3741 72.6821 158.775
21 2451 -90.2166 64.1739 158.775
21 2452 -88.5987 55.9073 158.775
21 2453 -87.01 47.8758 158.775
21 2454 -84.8019 40.3379 158.775
21 2455 -82.0785 32.762 158.775
21 2456 -79.3236 25.6003 158.775
21 2457 -76.1411 18.7766 158.775
21 2458 -72.6394 11.8223 158.775
21 2459 -68.6654 4.80748 158.775
21 2460 -64.4843 -1.9315 158.775
21 2461 -59.5847 -9.00887 158.775
21 2462 -54.1219 -15.5561 158.775
21 2463 -48.2987 -21.9341 158.775
21 2464 -42.2265 -28.3898 158.775
21 2465 -36.4033 -34.4123 158.775
21 2466 -30.8204 -40.3344 158.775
21 2467 -24.9865 -46.2024 158.775
21 2468 -18.8977 -51.9412 158.775
21 2469 -12.3189 -57.2519 158.775
21 2470 -5.34738 -62.4996 158.775
21 2471 1.75788 -67.4229 158.775
21 2472 9.54088 -71.8205 158.775
21 2473 17.3042 -75.8652 158.775
21 2474 24.9995 -79.42 158.775
21 2475 32.3302 -82.4565 158.775
21 2476 39.5424 -84.9708 158.775
21 2477 47.3259 -87.4059 158.775
21 2478 55.5645 -89.4124 158.775
21 2479 64.4925 -91.6144 158.775
21 2480 73.8307 -93.5555 158.775
21 2481 83.098 -95.5573 158.775
21 2482 92.0825 -97.345 158.775
21 2483 100.647 -98.8531 158.775
21 2484 108.672 -100.04 158.775
21 2485 116.552 -101.204 158.775
21 2486 124.917 -102.31 158.775
22 2543 -169.433 400.006 168.736
22 2544 -168.33 391.542 168.736
22 2545 -166.971 381.922 168.736
22 2546 -165.464 371.169 168.736
22 2547 -163.652 359.842 168.736
22 2548 -161.55 349.293 168.736
22 2549 -159.078 339.586 168.736
22 2550 -157.486 329.984 168.736
22 2551 -157.168 320.537 168.736
22 2552 -157.049 310.773 168.736
22 2553 -156.56 300.423 168.736
22 2554 -156.266 289.695 168.736
22 2555 -157.081 278.893 168.736
22 2556 -158.698 268.367 168.736
22 2557 -160.094 258.846 168.736
22 2558 -160.057 250.168 168.736
22 2559 -158.473 241.903 168.736
22 2560 -156.353 233.871 168.736
22 2561 -154.556 225.275 168.736
22 2562 -152.977 216.073 168.736
22 2563 -151.073 206.771 168.736
22 2564 -149.083 197.405 168.736
22 2565 -146.957 188.214 168.736
22 2566 -145.791 178.971 168.736
22 2567 -145.877 170.5 168.736
22 2568 -146.342 162.095 168.736
22 2569 -146.282 153.309 168.736
22 2570 -146.306 143.848 168.736
22 2571 -146.664 134.199 168.736
22 2572 -147.363 124.408 168.736
22 2573 -148.381 114.289 168.736
22 2574 -149.002 104.455 168.736
22 2575 -148.011 94.8872 168.736
22 2576 -145.565 86.2917 168.736
22 2577 -142.991 77.5643 168.736
22 2578 -140.366 68.8715 168.736
22 2579 -137.27 60.4028 168.736
22 2580 -133.606 51.7443 168.736
22 2581 -129.698 42.9719 168.736
22 2582 -125.683 34.2044 168.736
22 2583 -122.433 25.2477 168.736
22 2584 -119.469 17.4491 168.736
22 2585 -116.024 10.0793 168.736
22 2586 -112.953 2.43211 168.736
22 2587 -109.956 -5.71924 168.736
22 2588 -107.072 -14.6366 168.736
22 2589 -103.957 -23.6522 168.736
22 2590 -100.735 -32.1841 168.736
22 2591 -96.6121 -39.8433 168.736
22 2592 -90.733 -46.323 168.736
22 2593 -83.8346 -51.9149 168.736
22 2594 -76.6569 -56.7244 168.736
22 2595 -69.6623 -61.2062 168.736
22 2596 -62.4471 -65.0417 168.736
22 2597 -54.6645 -68.2396 168.736
22 2598 -46.5507 -70.6115 168.736
22 2599 -38.0885 -73.4385 168.736
22 2600 -29.4546 -77.6208 168.736
22 2601 -22.3759 -81.3268 168.736
22 2602 -15.4852 -84.744 168.736
22 2603 -8.03254 -88.8617 168.736
22 2604 0.329374 -92.9716 168.736
22 2605 9.31236 -97.3692 168.736
22 2606 18.1314 -102.137 168.736
22 2607 27.1225 -106.291 168.736
22 2608 37.2007 -109.004 168.736
22 2609 47.2745 -110.289 168.736
22 2610 56.8018 -110.841 168.736
22 2611 65.717 -110.656 168.736
22 2612 74.9819 -110.007 168.736
22 2613 84.6073 -108.827 168.736
22 2614 94.1967 -107.417 168.736
22 2615 104.156 -106.344 168.736
22 2616 114.68 -106.795 168.736
23 2659 -167.278 401.996 167.413
23 2660 -168.401 391.815 167.413
23 2661 -169.392 380.654 167.413
23 2662 -170.304 368.731 167.413
23 2663 -171.391 356.342 167.413
23 2664 -172.562 344.296 167.413
23 2665 -173.236 333.231 167.413
23 2666 -172.906 322.874 167.413
23 2667 -171.931 312.804 167.413
23 2668 -170.546 303.031 167.413
23 2669 -169.067 292.216 167.413
23 2670 -167.786 280.339 167.413
23 2671 -166.183 268.531 167.413
23 2672 -164.076 256.975 167.413
23 2673 -162.192 246.222 167.413
23 2674 -161.509 235.368 167.413
23 2675 -161.241 224.787 167.413
23 2676 -160.704 213.834 167.413
23 2677 -160.343 202.15 167.413
23 2678 -160.058 190.437 167.413
23 2679 -159.783 178.307 167.413
23 2680 -159.477 166.581 167.413
23 2681 -158.056 155.685 167.413
23 2682 -155.303 145.445 167.413
23 2683 -151.622 135.553 167.413
23 2684 -147.977 125.862 167.413
23 2685 -144.584 115.682 167.413
23 2686 -140.811 106.077 167.413
23 2687 -136.953 95.652 167.413
23 2688 -132.299 85.5601 167.413
23 2689 -128.162 75.3018 167.413
23 2690 -124.499 65.2348 167.413
23 2691 -120.999 55.525 167.413
23 2692 -117.438 46.0916 167.413
23 2693 -113.816 36.7287 167.413
23 2694 -110.257 27.1635 167.413
23 2695 -106.137 17.5931 167.413
23 2696 -101.036 8.69578 167.413
23 2697 -94.9381 0.107233 167.413
23 2698 -87.6457 -6.76225 167.413
23 2699 -80.5702 -12.8201 167.413
23 2700 -74.1985 -18.8565 167.413
23 2701 -68.2144 -24.5337 167.413
23 2702 -61.968 -30.1342 167.413
23 2703 -54.5687 -35.7488 167.413
23 2704 -46.468 -41.2788 167.413
23 2705 -37.7515 -47.6328 167.413
23 2706 -28.9914 -54.1892 167.413
23 2707 -21.1541 -60.5635 167.413
23 2708 -13.5618 -66.5076 167.413
23 2709 -6.07605 -72.2202 167.413
23 2710 1.37757 -78.2691 167.413
23 2711 9.54226 -84.5282 167.413
23 2712 18.498 -89.9885 167.413
23 2713 28.3732 -93.888 167.413
23 2714 38.6937 -96.8418 167.413
23 2715 48.6117 -98.9806 167.413
23 2716 57.5955 -100.567 167.413
23 2717 66.2992 -101.728 167.413
23 2718 75.7347 -101.919 167.413
23 2719 86.5018 -102.313 167.413
23 2720 97.9129 -103.203 167.413
23 2721 109.726 -105.026 167.413
23 2722 121.339 -107.131 167.413
24 2786 -155.605 396.018 173.907
24 2787 -156.731 387.491 173.907
24 2788 -157.943 378.022 173.907
24 2789 -159.078 368.107 173.907
24 2790 -160.185 357.794 173.907
24 2791 -161.342 347.972 173.907
24 2792 -162.282 338.739 173.907
24 2793 -162.656 329.744 173.907
24 2794 -162.192 320.727 173.907
24 2795 -161.168 311.484 173.907
24 2796 -160.174 301.987 173.907
24 2797 -159.197 292.026 173.907
24 2798 -158.028 281.883 173.907
24 2799 -156.731 271.937 173.907
24 2800 -155.602 262.221 173.907
24 2801 -154.973 252.539 173.907
24 2802 -154.979 243.242 173.907
24 2803 -155.377 233.75 173.907
24 2804 -155.872 224.215 173.907
24 2805 -156.269 214.449 173.907
24 2806 -156.594 204.931 173.907
24 2807 -156.902 195.138 173.907
24 2808 -156.905 185.619 173.907
24 2809 -156.534 176.729 173.907
24 2810 -155.065 168.489 173.907
24 2811 -153.129 160.274 173.907
24 2812 -150.843 151.83 173.907
24 2813 -148.233 142.889 173.907
24 2814 -145.69 133.922 173.907
24 2815 -142.612 125.078 173.907
24 2816 -139.087 116.136 173.907
24 2817 -136.125 107.521 173.907
24 2818 -133.751 99.1985 173.907
24 2819 -131.598 90.9978 173.907
24 2820 -129.744 82.6609 173.907
24 2821 -128.095 74.3396 173.907
24 2822 -126.407 65.8994 173.907
24 2823 -124.506 57.2581 173.907
24 2824 -122.119 48.5696 173.907
24 2825 -119.133 39.7347 173.907
24 2826 -115.068 31.5124 173.907
24 2827 -110.191 24.1625 173.907
24 2828 -105.03 18.0198 173.907
24 2829 -99.7159 11.9084 173.907
24 2830 -94.6187 6.37792 173.907
24 2831 -88.9771 0.567922 173.907
24 2832 -82.6694 -5.29443 173.907
24 2833 -75.744 -11.5625 173.907
24 2834 -69.121 -18.0103 173.907
24 2835 -62.866 -24.365 173.907
24 2836 -56.9367 -30.6029 173.907
24 2837 -51.5297 -37 173.907
24 2838 -46.1868 -43.0058 173.907
24 2839 -40.5837 -49.1759 173.907
24 2840 -34.3785 -55.2504 173.907
24 2841 -26.8335 -61.3154 173.907
24 2842 -18.8322 -66.7122 173.907
24 2843 -10.5824 -70.7362 173.907
24 2844 -2.44595 -73.8603 173.907
24 2845 5.66663 -76.2138 173.907
24 2846 13.7431 -78.2988 173.907
24 2847 22.0326 -80.3114 173.907
24 2848 31.2599 -82.4748 173.907
24 2849 40.9019 -85.0077 173.907
24 2850 50.1674 -87.8107 173.907
24 2851 58.7734 -90.7717 173.907
24 2852 67.5764 -93.8358 173.907
24 2853 75.9175 -96.6747 173.907
24 2854 84.2463 -99.4646 173.907
24 2855 92.7351 -102.601 173.907
24 2856 102.579 -105.576 173.907
24 2857 113.438 -108.304 173.907
25 2915 -155.778 405.063 161.231
25 2916 -155.901 394.657 161.231
25 2917 -156.182 384.015 161.231
25 2918 -155.927 372.629 161.231
25 2919 -155.313 360.885 161.231
25 2920 -154.657 349.867 161.231
25 2921 -154.264 339.794 161.231
25 2922 -153.95 330.064 161.231
25 2923 -152.67 320.966 161.231
25 2924 -150.895 312.424 161.231
25 2925 -149.227 304.598 161.231
25 2926 -147.921 297.003 161.231
25 2927 -146.874 289.43 161.231
25 2928 -146.249 281.51 161.231
25 2929 -145.358 272.598 161.231
25 2930 -144.545 263.555 161.231
25 2931 -144.589 254.432 161.231
25 2932 -145.328 245.511 161.231
25 2933 -145.557 236.764 161.231
25 2934 -145.824 227.672 161.231
25 2935 -145.855 219.165 161.231
25 2936 -145.953 210.421 161.231
25 2937 -146.444 201.498 161.231
25 2938 -146.016 192.538 161.231
25 2939 -144.425 183.905 161.231
25 2940 -142.261 175.782 161.231
25 2941 -140.709 167.824 161.231
25 2942 -139.472 159.503 161.231
25 2943 -138.332 151.274 161.231
25 2944 -137.488 142.889 161.231
25 2945 -135.785 134.258 161.231
25 2946 -134.164 125.597 161.231
25 2947 -133.518 117.028 161.231
25 2948 -133.677 108.856 161.231
25 2949 -132.999 100.625 161.231
25 2950 -131.471 92.6133 161.231
25 2951 -129.43 84.3085 161.231
25 2952 -127.165 76.4351 161.231
25 2953 -124.842 67.7162 161.231
25 2954 -122.013 58.874 161.231
25 2955 -118.427 50.8909 161.231
25 2956 -114.65 43.1267 161.231
25 2957 -110.709 35.7219 161.231
25 2958 -107.052 28.8199 161.231
25 2959 -103.359 22.1347 161.231
25 2960 -99.3535 15.0508 161.231
25 2961 -94.6094 8.24309 161.231
25 2962 -88.6871 1.34468 161.231
25 2963 -83.1044 -5.80763 161.231
25 2964 -78.3255 -13.1947 161.231
25 2965 -74.2316 -20.5404 161.231
25 2966 -69.528 -27.0981 161.231
25 2967 -64.5155 -33.3856 161.231
25 2968 -58.6942 -38.9112 161.231
25 2969 -52.0888 -44.8944 161.231
25 2970 -44.8673 -51.3186 161.231
25 2971 -37.2787 -56.7158 161.231
25 2972 -29.3393 -60.2691 161.231
25 2973 -21.2081 -63.079 161.231
25 2974 -13.1329 -65.7043 161.231
25 2975 -5.10678 -68.1562 161.231
25 2976 3.21155 -70.4013 161.231
25 2977 12.4501 -72.4972 161.231
25 2978 21.7441 -74.76 161.231
25 2979 29.9106 -77.056 161.231
25 2980 37.7141 -79.2025 161.231
25 2981 45.2833 -80.8922 161.231
25 2982 52.5221 -82.3936 161.231
25 2983 59.665 -83.7321 161.231
25 2984 67.3232 -85.9541 161.231
25 2985 75.8314 -89.2206 161.231
25 2986 85.3234 -92.4339 161.231
25 2987 95.0057 -93.6393 161.231
25 2988 104.225 -93.9521 161.231
25 2989 112.613 -94.1071 161.231
25 2990 120.726 -94.2984 161.231
26 3037 -153.399 399.733 168.484
26 3038 -152.232 387.782 168.484
26 3039 -150.395 375.759 168.484
26 3040 -148.381 364.602 168.484
26 3041 -146.829 353.993 168.484
26 3042 -146.497 344.25 168.484
26 3043 -146.281 334.749 168.484
26 3044 -145.84 324.728 168.484
26 3045 -145.558 313.658 168.484
26 3046 -145.661 302.186 168.484
26 3047 -146.248 290.676 168.484
26 3048 -147.306 279.413 168.484
26 3049 -148.263 268.771 168.484
26 3050 -147.725 259.164 168.484
26 3051 -147.016 249.708 168.484
26 3052 -146.661 239.837 168.484
26 3053 -146.659 229.307 168.484
26 3054 -145.675 218.3 168.484
26 3055 -144.081 207.46 168.484
26 3056 -142.327 196.768 168.484
26 3057 -140.796 186.457 168.484
26 3058 -140.245 176.329 168.484
26 3059 -140.294 166.677 168.484
26 3060 -139.926 156.835 168.484
26 3061 -139.781 146.413 168.484
26 3062 -139.729 135.756 168.484
26 3063 -139.684 125.042 168.484
26 3064 -139.79 114.607 168.484
26 3065 -140.418 105.12 168.484
26 3066 -141.768 95.5974 168.484
26 3067 -142.551 86.4882 168.484
26 3068 -141.635 77.1762 168.484
26 3069 -139.707 67.7951 168.484
26 3070 -136.558 57.967 168.484
26 3071 -132.65 49.124 168.484
26 3072 -128.148 40.308 168.484
26 3073 -123.152 32.0705 168.484
26 3074 -117.632 23.2716 168.484
26 3075 -111.69 14.8312 168.484
26 3076 -106.38 6.6235 168.484
26 3077 -101.069 -1.93855 168.484
26 3078 -96.4949 -10.9471 168.484
26 3079 -91.8586 -20.3047 168.484
26 3080 -86.6171 -29.3786 168.484
26 3081 -79.505 -38.2035 168.484
26 3082 -70.688 -46.545 168.484
26 3083 -61.4512 -53.2802 168.484
26 3084 -52.7808 -58.9798 168.484
26 3085 -43.9094 -64.3133 168.484
26 3086 -34.67 -68.6907 168.484
26 3087 -24.8869 -72.3847 168.484
26 3088 -15.6742 -75.9533 168.484
26 3089 -5.81699 -80.2811 168.484
26 3090 3.91305 -85.0817 168.484
26 3091 12.8462 -89.1815 168.484
26 3092 21.5452 -92.821 168.484
26 3093 29.9743 -96.1941 168.484
26 3094 38.3795 -100.026 168.484
26 3095 47.2083 -103.809 168.484
26 3096 56.4046 -107.357 168.484
26 3097 66.6703 -110.603 168.484
26 3098 77.9077 -113.223 168.484
26 3099 88.2062 -114.767 168.484
26 3100 97.2924 -115.532 168.484
26 3101 106.159 -115.874 168.484
26 3102 115.369 -115.562 168.484
