1 18 -151.658 393.616 174.648
1 19 -150.13 382.331 174.648
1 20 -148.808 371.4 174.648
1 21 -148.013 361.581 174.648
1 22 -147.813 351.45 174.648
1 23 -148.257 340.866 174.648
1 24 -148.674 329.476 174.648
1 25 -149.021 317.623 174.648
1 26 -149.221 305.748 174.648
1 27 -149.107 294.185 174.648
1 28 -148.43 283.467 174.648
1 29 -147.152 273.477 174.648
1 30 -145.166 263.885 174.648
1 31 -143.084 254.075 174.648
1 32 -141.054 243.886 174.648
1 33 -138.956 233.634 174.648
1 34 -136.637 223.403 174.648
1 35 -134.162 213.419 174.648
1 36 -131.725 203.705 174.648
1 37 -129.76 194.371 174.648
1 38 -128.474 185.03 174.648
1 39 -127.507 175.495 174.648
1 40 -126.482 165.423 174.648
1 41 -125.505 154.908 174.648
1 42 -124.279 144.108 174.648
1 43 -122.516 133.386 174.648
1 44 -120.114 122.867 174.648
1 45 -117.263 113.215 174.648
1 46 -113.367 104.007 174.648
1 47 -109.465 95.3628 174.648
1 48 -105.266 86.5942 174.648
1 49 -100.995 78.0684 174.648
1 50 -96.4333 69.6407 174.648
1 51 -91.3138 61.4403 174.648
1 52 -85.8316 53.741 174.648
1 53 -80.396 45.8957 174.648
1 54 -75.3636 37.9344 174.648
1 55 -70.6298 30.1077 174.648
1 56 -66.107 22.3876 174.648
1 57 -61.4731 14.4562 174.648
1 58 -56.3599 6.41877 174.648
1 59 -50.7244 -1.52569 174.648
1 60 -44.5783 -9.23757 174.648
1 61 -37.8302 -15.8234 174.648
1 62 -30.4591 -21.4652 174.648
1 63 -22.7669 -26.288 174.648
1 64 -14.7624 -30.8305 174.648
1 65 -7.03274 -35.029 174.648
1 66 0.767919 -38.5573 174.648
1 67 9.40352 -41.5377 174.648
1 68 18.2074 -44.3108 174.648
1 69 27.0603 -47.1388 174.648
1 70 35.6817 -49.909 174.648
1 71 44.1188 -53.3804 174.648
1 72 52.3741 -57.0352 174.648
1 73 60.3926 -60.5626 174.648
1 74 68.3065 -64.1035 174.648
1 75 76.8086 -67.4276 174.648
1 76 85.9185 -70.4186 174.648
1 77 95.7318 -72.9995 174.648
1 78 105.646 -75.1717 174.648
1 79 116.339 -76.1437 174.648
1 80 126.88 -76.5664 174.648
1 81 137.069 -76.6227 174.648
1 82 146.813 -76.5497 174.648
1 83 156.207 -76.2576 174.648
1 84 166.01 -75.5321 174.648
1 85 176.052 -75.0214 174.648
1 86 186.118 -74.8679 174.648
1 87 196.788 -74.8679 174.648
1 88 206.948 -75.4015 174.648
1 89 216.405 -76.3454 174.648
1 90 225.261 -77.6533 174.648
1 91 234.052 -78.8201 174.648
1 92 243.626 -79.5103 174.648
1 93 254.046 -79.7474 174.648
1 94 265.017 -79.1717 174.648
1 95 275.772 -77.9331 174.648
1 96 285.904 -75.9363 174.648
1 97 295.14 -73.6888 174.648
1 98 303.617 -71.38 174.648
1 99 311.708 -68.8725 174.648
1 100 320.152 -65.7968 174.648
1 101 329.659 -62.5274 174.648
1 102 339.272 -59.5383 174.648
1 103 349.277 -56.8414 174.648
1 104 358.972 -54.6626 174.648
1 105 367.68 -52.6831 174.648
1 106 375.598 -50.6399 174.648
2 129 -174.833 399.257 171.38
2 130 -174.463 388.389 171.38
2 131 -174.096 376.898 171.38
2 132 -173.59 365.3 171.38
2 133 -172.978 354.399 171.38
2 134 -172.655 344.098 171.38
2 135 -173.013 333.948 171.38
2 136 -173.603 323.919 171.38
2 137 -174.218 313.388 171.38
2 138 -174.966 302.191 171.38
2 139 -175.627 290.443 171.38
2 140 -176.036 278.57 171.38
2 141 -175.954 267.466 171.38
2 142 -175.588 256.949 171.38
2 143 -174.993 246.667 171.38
2 144 -174.321 236.589 171.38
2 145 -173.962 225.856 171.38
2 146 -173.465 215.026 171.38
2 147 -172.8 203.78 171.38
2 148 -171.428 192.541 171.38
2 149 -169.829 181.129 171.38
2 150 -168.223 170.108 171.38
2 151 -167.518 159.688 171.38
2 152 -166.804 149.427 171.38
2 153 -166.191 138.911 171.38
2 154 -165.554 128.119 171.38
2 155 -164.612 116.98 171.38
2 156 -162.848 105.209 171.38
2 157 -160.65 94.2162 171.38
2 158 -157.9 83.8966 171.38
2 159 -154.578 74.2268 171.38
2 160 -151.093 64.8464 171.38
2 161 -147.504 55.4197 171.38
2 162 -143.254 45.7543 171.38
2 163 -138.607 36.2042 171.38
2 164 -133.183 26.8993 171.38
2 165 -127.892 17.9717 171.38
2 166 -122.575 9.24372 171.38
2 167 -117.589 0.636842 171.38
2 168 -112.163 -7.99343 171.38
2 169 -106.684 -16.5392 171.38
2 170 -100.608 -25.091 171.38
2 171 -94.0612 -33.7426 171.38
2 172 -86.7837 -42.2024 171.38
2 173 -79.022 -49.2971 171.38
2 174 -71.0198 -55.4479 171.38
2 175 -63.1123 -60.7596 171.38
2 176 -55.1127 -65.8922 171.38
2 177 -46.7809 -71.1263 171.38
2 178 -37.9076 -76.1834 171.38
2 179 -28.4756 -80.7879 171.38
2 180 -19.0345 -85.1275 171.38
2 181 -9.29104 -89.7257 171.38
2 182 0.505656 -94.4237 171.38
2 183 10.3549 -99.0487 171.38
2 184 20.2137 -103.613 171.38
2 185 30.1166 -108.028 171.38
2 186 40.3826 -112.387 171.38
2 187 51.2329 -116.29 171.38
2 188 62.1681 -119.558 171.38
2 189 72.8302 -121.651 171.38
2 190 82.9347 -123.354 171.38
2 191 92.7889 -125.339 171.38
2 192 102.364 -127.286 171.38
2 193 112.046 -128.993 171.38
2 194 122.51 -131.019 171.38
2 195 133.887 -132.812 171.38
2 196 145.246 -134.905 171.38
2 197 156.42 -137.137 171.38
2 198 167.026 -139.473 171.38
2 199 177.38 -141.754 171.38
2 200 187.412 -143.887 171.38
2 201 197.854 -146.215 171.38
2 202 209.056 -148.704 171.38
2 203 220.282 -150.736 171.38
2 204 231.922 -152.239 171.38
2 205 242.42 -153.753 171.38
2 206 251.841 -155.68 171.38
2 207 260.778 -157.946 171.38
2 208 269.906 -160.389 171.38
2 209 280.545 -162.168 171.38
2 210 292.01 -164.398 171.38
2 211 303.778 -167.769 171.38
2 212 314.547 -171.787 171.38
2 213 324.121 -175.418 171.38
2 214 332.965 -179.267 171.38
2 215 340.714 -183.149 171.38
2 216 348.141 -187.374 171.38
2 217 356.446 -191.798 171.38
2 218 365.677 -196.129 171.38
2 219 375.714 -200.182 171.38
3 252 -125.444 414.942 153.413
3 253 -124.826 403.873 153.413
3 254 -124.222 393.72 153.413
3 255 -123.747 384.082 153.413
3 256 -123.49 374.063 153.413
3 257 -124.021 363.838 153.413
3 258 -125.133 353.161 153.413
3 259 -126.192 342.169 153.413
3 260 -126.516 331.396 153.413
3 261 -126.459 321.146 153.413
3 262 -126.179 311.797 153.413
3 263 -126.097 302.589 153.413
3 264 -126.076 292.854 153.413
3 265 -125.768 282.763 153.413
3 266 -125.196 272.612 153.413
3 267 -124.479 262.291 153.413
3 268 -123.88 251.972 153.413
3 269 -123.416 242.029 153.413
3 270 -122.784 232.443 153.413
3 271 -122.312 222.973 153.413
3 272 -122.232 213.565 153.413
3 273 -122.44 204.279 153.413
3 274 -122.72 194.126 153.413
3 275 -122.665 183.869 153.413
3 276 -122.128 173.807 153.413
3 277 -121.555 164.713 153.413
3 278 -121.001 155.227 153.413
3 279 -120.336 145.533 153.413
3 280 -118.838 135.766 153.413
3 281 -117.492 126.289 153.413
3 282 -115.912 116.804 153.413
3 283 -114.127 107.064 153.413
3 284 -112.157 97.6304 153.413
3 285 -109.858 88.2576 153.413
3 286 -107.461 78.9207 153.413
3 287 -105.343 69.567 153.413
3 288 -103.675 60.2353 153.413
3 289 -101.859 51.107 153.413
3 290 -99.377 42.1973 153.413
3 291 -95.8864 33.6293 153.413
3 292 -91.7941 26.1383 153.413
3 293 -87.3211 19.2276 153.413
3 294 -82.1854 12.4113 153.413
3 295 -76.7119 5.81698 153.413
3 296 -71.0778 -0.590933 153.413
3 297 -65.0905 -6.98799 153.413
3 298 -58.6845 -12.8993 153.413
3 299 -51.7253 -18.3613 153.413
3 300 -44.3522 -23.6579 153.413
3 301 -36.8654 -28.8822 153.413
3 302 -29.8203 -34.2494 153.413
3 303 -23.1915 -39.6725 153.413
3 304 -16.5106 -45.0031 153.413
3 305 -9.74202 -49.7375 153.413
3 306 -1.95687 -53.9687 153.413
3 307 6.71526 -57.7959 153.413
3 308 15.5927 -61.5168 153.413
3 309 24.5029 -65.0719 153.413
3 310 33.6965 -68.1995 153.413
3 311 42.4089 -71.0974 153.413
3 312 50.9252 -73.9972 153.413
3 313 59.6932 -76.8825 153.413
3 314 69.0966 -79.8784 153.413
3 315 78.793 -82.6656 153.413
3 316 88.87 -85.4261 153.413
3 317 98.9 -88.587 153.413
3 318 108.721 -92.8152 153.413
3 319 117.422 -97.3548 153.413
3 320 125.691 -101.726 153.413
3 321 134.462 -105.722 153.413
3 322 144.251 -109.3 153.413
3 323 154.392 -112.56 153.413
3 324 164.571 -115.663 153.413
3 325 174.58 -118.73 153.413
3 326 183.505 -121.529 153.413
3 327 191.878 -123.986 153.413
3 328 199.807 -126.551 153.413
3 329 209.093 -128.95 153.413
3 330 219.069 -131.657 153.413
3 331 229.522 -134.219 153.413
3 332 240.648 -137.056 153.413
3 333 250.948 -140.909 153.413
3 334 259.921 -145.037 153.413
3 335 268.202 -149.299 153.413
3 336 277.268 -153.459 153.413
3 337 287.485 -157.561 153.413
3 338 297.735 -162.046 153.413
3 339 308.731 -166.371 153.413
3 340 318.771 -170.296 153.413
3 341 327.66 -173.679 153.413
3 342 335.492 -177.218 153.413
3 343 342.964 -180.588 153.413
3 344 351.391 -184.472 153.413
3 345 360.712 -188.887 153.413
3 346 370.431 -193.467 153.413
3 347 380.772 -198.553 153.413
3 348 390.396 -204.108 153.413
4 374 -155.665 389.567 181.111
4 375 -156.349 378.265 181.111
4 376 -157.163 366.001 181.111
4 377 -157.979 353.218 181.111
4 378 -158.807 341.052 181.111
4 379 -159.348 329.725 181.111
4 380 -159.417 319.219 181.111
4 381 -159.215 309.094 181.111
4 382 -158.436 299.039 181.111
4 383 -157.333 288.471 181.111
4 384 -156.136 277.165 181.111
4 385 -154.745 265.349 181.111
4 386 -153.079 253.395 181.111
4 387 -151.047 241.818 181.111
4 388 -148.764 230.886 181.111
4 389 -146.37 220.319 181.111
4 390 -144.534 209.965 181.111
4 391 -143.255 199.684 181.111
4 392 -142.136 189.133 181.111
4 393 -141.085 177.874 181.111
4 394 -139.975 166.686 181.111
4 395 -138.807 155.402 181.111
4 396 -137.461 144.376 181.111
4 397 -135.975 133.617 181.111
4 398 -133.761 123.184 181.111
4 399 -130.593 113.276 181.111
4 400 -126.296 103.621 181.111
4 401 -121.793 94.1848 181.111
4 402 -116.93 84.627 181.111
4 403 -111.996 75.2746 181.111
4 404 -106.379 65.9993 181.111
4 405 -100.453 57.0947 181.111
4 406 -94.0071 48.2879 181.111
4 407 -86.9645 39.8404 181.111
4 408 -80.5008 31.0304 181.111
4 409 -74.286 22.4793 181.111
4 410 -68.0025 14.4064 181.111
4 411 -61.7174 6.45088 181.111
4 412 -55.4356 -1.44937 181.111
4 413 -48.9169 -9.2597 181.111
4 414 -42.0276 -16.8532 181.111
4 415 -34.4064 -24.0747 181.111
4 416 -26.8496 -30.8726 181.111
4 417 -18.3435 -36.6182 181.111
4 418 -9.3993 -41.5705 181.111
4 419 -0.69988 -46.0171 181.111
4 420 8.00403 -50.7358 181.111
4 421 17.0145 -55.1911 181.111
4 422 26.2822 -59.2577 181.111
4 423 36.2213 -62.7174 181.111
4 424 46.6364 -65.8162 181.111
4 425 56.8934 -68.7868 181.111
4 426 67.2102 -72.3016 181.111
4 427 76.9873 -75.7992 181.111
4 428 86.2029 -79.4293 181.111
4 429 95.2608 -82.8097 181.111
4 430 104.385 -86.1104 181.111
4 431 113.758 -89.4001 181.111
4 432 123.685 -92.2741 181.111
4 433 134.39 -95.0268 181.111
4 434 145.007 -97.2041 181.111
4 435 156.083 -98.1664 181.111
4 436 166.292 -98.096 181.111
4 437 176.045 -97.6675 181.111
4 438 185.202 -97.3229 181.111
4 439 194.447 -96.7836 181.111
4 440 203.941 -95.4706 181.111
4 441 213.733 -93.6746 181.111
4 442 224.553 -91.7109 181.111
4 443 235.353 -89.7797 181.111
4 444 246.495 -88.8664 181.111
4 445 257.049 -88.3626 181.111
4 446 266.841 -87.9182 181.111
4 447 275.714 -87.7584 181.111
4 448 284.791 -87.292 181.111
4 449 294.408 -86.9719 181.111
4 450 304.969 -85.9215 181.111
4 451 316.582 -84.5815 181.111
4 452 327.978 -82.6399 181.111
4 453 338.819 -79.1446 181.111
4 454 348.219 -75.1285 181.111
4 455 356.229 -71.1944 181.111
4 456 363.073 -67.2578 181.111
4 457 369.984 -62.9803 181.111
5 474 -171.781 410.946 159.045
5 475 -170.956 398.238 159.045
5 476 -170.24 384.709 159.045
5 477 -169.754 371.286 159.045
5 478 -169.484 358.5 159.045
5 479 -169.112 346.466 159.045
5 480 -168.614 334.633 159.045
5 481 -167.767 322.658 159.045
5 482 -166.734 310.266 159.045
5 483 -165.587 297.413 159.045
5 484 -164.301 284.536 159.045
5 485 -162.879 272.036 159.045
5 486 -161.376 260.552 159.045
5 487 -159.582 249.227 159.045
5 488 -157.72 237.712 159.045
5 489 -155.907 226.092 159.045
5 490 -153.998 213.947 159.045
5 491 -152.162 201.53 159.045
5 492 -150.211 189.661 159.045
5 493 -148.167 178.466 159.045
5 494 -145.585 167.412 159.045
5 495 -142.588 156.211 159.045
5 496 -139.346 145.185 159.045
5 497 -135.834 134.209 159.045
5 498 -132.199 123.194 159.045
5 499 -127.852 112.554 159.045
5 500 -123.619 102.489 159.045
5 501 -118.501 92.7866 159.045
5 502 -113.379 82.3223 159.045
5 503 -108.529 72.1171 159.045
5 504 -103.805 61.9956 159.045
5 505 -98.8068 51.9989 159.045
5 506 -93.3612 42.2096 159.045
5 507 -87.264 32.8298 159.045
5 508 -80.979 23.787 159.045
5 509 -74.009 14.8869 159.045
5 510 -66.8838 6.55989 159.045
5 511 -59.8054 -1.29443 159.045
5 512 -52.3652 -8.94241 159.045
5 513 -44.3081 -15.9672 159.045
5 514 -35.9652 -22.6857 159.045
5 515 -27.1251 -28.7943 159.045
5 516 -17.6742 -34.5134 159.045
5 517 -8.14348 -40.7796 159.045
5 518 0.91411 -46.6992 159.045
5 519 10.3187 -52.3859 159.045
5 520 19.3284 -57.8545 159.045
5 521 29.1374 -62.9209 159.045
5 522 39.2272 -67.6785 159.045
5 523 49.895 -72.0588 159.045
5 524 61.0404 -76.4312 159.045
5 525 71.3095 -79.7513 159.045
5 526 81.8526 -82.7993 159.045
5 527 92.0208 -85.0527 159.045
5 528 102.88 -86.9328 159.045
5 529 113.547 -88.4587 159.045
5 530 124.582 -89.7472 159.045
5 531 136.011 -91.0868 159.045
5 532 146.986 -92.8086 159.045
5 533 157.353 -94.6763 159.045
5 534 167.753 -96.7308 159.045
5 535 178.545 -98.6354 159.045
5 536 190.328 -99.8918 159.045
5 537 202.155 -101.21 159.045
5 538 214.593 -102.022 159.045
5 539 225.703 -102.685 159.045
5 540 236.138 -102.736 159.045
5 541 245.923 -102.66 159.045
5 542 256.526 -102.14 159.045
5 543 267.604 -101.245 159.045
5 544 279.197 -100.115 159.045
5 545 291.033 -98.65 159.045
5 546 301.687 -97.6869 159.045
5 547 311.825 -96.7181 159.045
5 548 321.051 -96.1568 159.045
5 549 330.354 -95.4915 159.045
5 550 340.302 -94.6795 159.045
5 551 351.575 -93.8758 159.045
5 552 364.076 -92.6689 159.045
5 553 376.71 -90.9922 159.045
5 554 387.753 -89.0851 159.045
6 627 -128.518 397.855 175.383
6 628 -127.847 388.634 175.383
6 629 -127.283 378.578 175.383
6 630 -126.797 368.407 175.383
6 631 -126.368 358.595 175.383
6 632 -125.924 349.704 175.383
6 633 -124.822 341.914 175.383
6 634 -123.063 335.093 175.383
6 635 -121.189 327.962 175.383
6 636 -119.302 319.718 175.383
6 637 -117.434 310.73 175.383
6 638 -115.093 301.361 175.383
6 639 -112.3 292.077 175.383
6 640 -109.176 283.159 175.383
6 641 -106.005 274.519 175.383
6 642 -103.449 265.758 175.383
6 643 -102.107 258.117 175.383
6 644 -101.024 249.902 175.383
6 645 -99.8815 241.183 175.383
6 646 -98.7215 232.013 175.383
6 647 -97.7438 222.577 175.383
6 648 -96.9717 213.186 175.383
6 649 -96.1326 204.364 175.383
6 650 -94.9274 195.816 175.383
6 651 -92.9205 188.559 175.383
6 652 -90.9839 181.47 175.383
6 653 -89.1891 173.701 175.383
6 654 -87.2807 165.615 175.383
6 655 -85.0964 157.32 175.383
6 656 -82.1415 148.788 175.383
6 657 -78.8778 140.393 175.383
6 658 -75.3039 132.213 175.383
6 659 -71.8633 124.07 175.383
6 660 -69.3419 116.456 175.383
6 661 -67.6477 108.714 175.383
6 662 -66.3264 100.797 175.383
6 663 -65.0663 92.2954 175.383
6 664 -64.211 83.0674 175.383
6 665 -63.4602 73.7859 175.383
6 666 -62.4578 64.4445 175.383
6 667 -60.5139 55.8773 175.383
6 668 -58.0335 48.1556 175.383
6 669 -54.9288 40.7432 175.383
6 670 -51.795 33.3342 175.383
6 671 -48.4223 25.6611 175.383
6 672 -44.4616 17.875 175.383
6 673 -39.5222 10.358 175.383
6 674 -33.3089 3.15345 175.383
6 675 -26.8261 -3.49531 175.383
6 676 -20.7679 -9.31535 175.383
6 677 -14.8189 -14.5818 175.383
6 678 -9.09272 -18.7105 175.383
6 679 -3.00449 -23.0339 175.383
6 680 3.21278 -27.9412 175.383
6 681 9.88672 -33.3054 175.383
6 682 16.9984 -38.9417 175.383
6 683 24.9475 -44.3501 175.383
6 684 32.9452 -48.3753 175.383
6 685 40.8032 -50.7075 175.383
6 686 48.2238 -52.2566 175.383
6 687 55.2867 -53.8038 175.383
6 688 62.4173 -55.4485 175.383
6 689 69.9659 -56.7123 175.383
6 690 78.1928 -57.5022 175.383
6 691 87.1071 -58.1073 175.383
6 692 95.8797 -58.5227 175.383
6 693 104.621 -59.5373 175.383
6 694 112.95 -60.948 175.383
6 695 120.711 -62.6523 175.383
6 696 128.21 -64.3455 175.383
6 697 136.18 -66.1876 175.383
6 698 144.355 -68.1008 175.383
6 699 152.992 -69.9733 175.383
6 700 162.28 -71.7975 175.383
6 701 171.624 -72.9695 175.383
6 702 180.604 -72.6963 175.383
6 703 188.989 -72.101 175.383
6 704 196.939 -71.51 175.383
6 705 204.64 -70.9283 175.383
6 706 212.306 -70.2885 175.383
6 707 220.76 -68.8587 175.383
6 708 229.996 -67.3498 175.383
6 709 239.393 -66.0794 175.383
6 710 249.148 -65.2375 175.383
6 711 258.074 -64.9537 175.383
6 712 266.258 -65.2857 175.383
6 713 273.782 -65.2325 175.383
6 714 281.79 -65.4365 175.383
6 715 290.385 -65.6368 175.383
6 716 299.747 -65.5756 175.383
6 717 309.952 -65.1584 175.383
6 718 319.458 -63.6834 175.383
6 719 328.213 -61.6435 175.383
6 720 336.48 -59.2147 175.383
6 721 344.138 -56.9738 175.383
6 722 351.238 -54.4764 175.383
6 723 358.823 -51.3182 175.383
6 724 366.884 -47.4478 175.383
6 725 375.514 -42.9507 175.383
7 731 -166.914 409.697 163.37
7 732 -166.395 397.389 163.37
7 733 -166.031 385.497 163.37
7 734 -165.859 373.934 163.37
7 735 -165.854 361.842 163.37
7 736 -165.784 349.419 163.37
7 737 -165.349 336.869 163.37
7 738 -164.747 324.633 163.37
7 739 -164.225 312.51 163.37
7 740 -163.837 301.087 163.37
7 741 -163.476 289.949 163.37
7 742 -162.89 278.107 163.37
7 743 -162.6 266.655 163.37
7 744 -162.239 255.459 163.37
7 745 -161.731 243.652 163.37
7 746 -161.224 231.604 163.37
7 747 -160.579 219.095 163.37
7 748 -159.896 206.906 163.37
7 749 -158.953 195.013 163.37
7 750 -157.83 183.442 163.37
7 751 -156.691 172.251 163.37
7 752 -155.484 160.925 163.37
7 753 -154.059 149.185 163.37
7 754 -152.65 137.616 163.37
7 755 -151.099 126.271 163.37
7 756 -149.476 114.83 163.37
7 757 -147.628 103.393 163.37
7 758 -145.438 92.0395 163.37
7 759 -142.744 81.081 163.37
7 760 -139.718 70.0682 163.37
7 761 -136.524 58.9824 163.37
7 762 -132.109 47.7842 163.37
7 763 -127.175 36.9697 163.37
7 764 -121.491 26.8131 163.37
7 765 -115.364 17.3177 163.37
7 766 -108.945 8.7353 163.37
7 767 -102.517 0.10029 163.37
7 768 -95.6894 -8.14688 163.37
7 769 -88.3532 -16.2138 163.37
7 770 -80.5665 -24.1927 163.37
7 771 -72.4233 -31.7853 163.37
7 772 -63.6309 -39.5601 163.37
7 773 -54.5501 -46.8956 163.37
7 774 -45.7994 -53.7567 163.37
7 775 -36.8185 -60.0771 163.37
7 776 -27.5885 -65.782 163.37
7 777 -17.5886 -71.2978 163.37
7 778 -6.96542 -76.3748 163.37
7 779 3.90472 -80.9355 163.37
7 780 14.8753 -84.9849 163.37
7 781 25.4498 -88.4254 163.37
7 782 35.9609 -91.6835 163.37
7 783 46.6528 -94.929 163.37
7 784 57.6821 -97.9473 163.37
7 785 69.1554 -100.998 163.37
7 786 81.1037 -103.704 163.37
7 787 93.3041 -106.162 163.37
7 788 105.065 -108.658 163.37
7 789 115.646 -110.726 163.37
7 790 125.574 -112.459 163.37
7 791 135.42 -114.231 163.37
7 792 146.173 -115.441 163.37
7 793 158.16 -116.385 163.37
7 794 170.597 -117.312 163.37
7 795 183.363 -117.264 163.37
7 796 195.121 -116.939 163.37
7 797 206.326 -116.796 163.37
7 798 217.113 -116.553 163.37
7 799 228.316 -116.41 163.37
7 800 240.044 -116.087 163.37
7 801 252.179 -115.361 163.37
7 802 265.366 -114.77 163.37
7 803 278.131 -114.14 163.37
7 804 289.128 -113.637 163.37
7 805 299.49 -112.867 163.37
7 806 309.549 -112.166 163.37
7 807 320.203 -111.704 163.37
7 808 332.431 -110.081 163.37
7 809 345.486 -107.271 163.37
7 810 358.362 -103.447 163.37
7 811 369.687 -99.1216 163.37
7 812 379.441 -94.4877 163.37
7 813 387.854 -89.7327 163.37
8 845 -181.297 396.301 170.761
8 846 -182.768 386.248 170.761
8 847 -183.873 377.158 170.761
8 848 -184.164 368.346 170.761
8 849 -183.559 359.129 170.761
8 850 -182.561 349.006 170.761
8 851 -181.304 337.62 170.761
8 852 -179.79 325.871 170.761
8 853 -177.968 315.062 170.761
8 854 -176.316 305.498 170.761
8 855 -175.333 296.562 170.761
8 856 -175.734 287.394 170.761
8 857 -176.592 277.735 170.761
8 858 -177.426 267.409 170.761
8 859 -178.394 255.754 170.761
8 860 -179.173 244.039 170.761
8 861 -179.994 233.415 170.761
8 862 -180.708 223.868 170.761
8 863 -180.643 214.576 170.761
8 864 -179.373 205.24 170.761
8 865 -177.869 195.454 170.761
8 866 -176.099 184.642 170.761
8 867 -174.121 173.536 170.761
8 868 -171.853 162.79 170.761
8 869 -169.263 153.224 170.761
8 870 -166.645 144.025 170.761
8 871 -164.728 134.737 170.761
8 872 -162.963 124.835 170.761
8 873 -161.272 114.511 170.761
8 874 -159.214 103.59 170.761
8 875 -157.029 92.1003 170.761
8 876 -154.418 80.762 170.761
8 877 -151.695 70.4096 170.761
8 878 -148.126 61.1314 170.761
8 879 -142.999 52.9454 170.761
8 880 -137.414 45.5758 170.761
8 881 -131.256 38.0277 170.761
8 882 -124.365 30.2694 170.761
8 883 -117.085 22.4563 170.761
8 884 -109.209 15.3546 170.761
8 885 -101.819 9.2006 170.761
8 886 -94.5364 2.57505 170.761
8 887 -87.825 -4.19372 170.761
8 888 -81.3787 -11.0128 170.761
8 889 -74.3206 -18.3393 170.761
8 890 -66.6041 -25.8327 170.761
8 891 -58.53 -33.1617 170.761
8 892 -50.9952 -39.8313 170.761
8 893 -43.0431 -45.5238 170.761
8 894 -34.1627 -49.5055 170.761
8 895 -25.3781 -52.3795 170.761
8 896 -16.7007 -55.2934 170.761
8 897 -7.61243 -58.1243 170.761
8 898 2.0318 -60.9709 170.761
8 899 12.1464 -62.9927 170.761
8 900 21.9754 -64.5321 170.761
8 901 31.466 -66.7521 170.761
8 902 40.2983 -69.7904 170.761
8 903 48.8083 -72.913 170.761
8 904 57.663 -76.2115 170.761
8 905 67.4496 -79.2726 170.761
8 906 77.5535 -82.7874 170.761
8 907 87.8023 -86.3337 170.761
8 908 97.8893 -89.7021 170.761
8 909 108.018 -91.3853 170.761
8 910 117.843 -91.6187 170.761
8 911 127.39 -91.4678 170.761
8 912 137.173 -91.62 170.761
8 913 146.833 -91.6331 170.761
8 914 156.889 -91.0706 170.761
8 915 166.605 -90.2712 170.761
8 916 176.645 -89.4325 170.761
8 917 186.923 -89.6963 170.761
8 918 196.43 -90.1914 170.761
8 919 205.272 -90.7027 170.761
8 920 214.569 -90.9029 170.761
8 921 223.97 -91.4298 170.761
8 922 234.403 -91.9205 170.761
8 923 244.551 -92.0004 170.761
8 924 255.215 -90.848 170.761
8 925 265.395 -88.8201 170.761
8 926 274.607 -86.637 170.761
8 927 283.506 -84.5375 170.761
8 928 292.74 -81.9415 170.761
8 929 302.41 -78.9353 170.761
8 930 312.726 -75.5998 170.761
8 931 322.439 -72.9571 170.761
8 932 332.063 -71.3458 170.761
8 933 341.053 -70.4703 170.761
8 934 349.38 -69.4551 170.761
8 935 357.666 -67.991 170.761
8 936 366.265 -66.5056 170.761
8 937 375.609 -65.0783 170.761
9 965 -179.388 396.057 168.578
9 966 -177.894 385.731 168.578
9 967 -176.541 376.2 168.578
9 968 -175.752 367.058 168.578
9 969 -175.326 357.508 168.578
9 970 -175.228 346.974 168.578
9 971 -175.561 335.761 168.578
9 972 -176.344 324.228 168.578
9 973 -177.383 312.699 168.578
9 974 -178.26 301.487 168.578
9 975 -179.066 291.207 168.578
9 976 -178.969 281.565 168.578
9 977 -177.801 272.512 168.578
9 978 -176.46 263.404 168.578
9 979 -174.996 253.215 168.578
9 980 -173.264 242.506 168.578
9 981 -171.123 231.98 168.578
9 982 -168.626 221.45 168.578
9 983 -166.262 211.518 168.578
9 984 -164.647 201.702 168.578
9 985 -163.856 192.492 168.578
9 986 -163.149 183.141 168.578
9 987 -162.808 173.279 168.578
9 988 -162.698 162.966 168.578
9 989 -162.627 152.484 168.578
9 990 -162.598 142.134 168.578
9 991 -162.338 132.5 168.578
9 992 -161.049 123.14 168.578
9 993 -159.082 114.112 168.578
9 994 -156.928 105.278 168.578
9 995 -154.484 96.0617 168.578
9 996 -151.734 87.0429 168.578
9 997 -148.582 77.8938 168.578
9 998 -144.451 68.6971 168.578
9 999 -140.54 60.3332 168.578
9 1000 -136.911 51.723 168.578
9 1001 -133.2 43.3856 168.578
9 1002 -129.92 35.1679 168.578
9 1003 -126.263 26.8567 168.578
9 1004 -122.658 18.4906 168.578
9 1005 -118.869 9.82071 168.578
9 1006 -114.675 1.20435 168.578
9 1007 -110.079 -7.15074 168.578
9 1008 -104.852 -14.966 168.578
9 1009 -99.0513 -21.6193 168.578
9 1010 -93.2647 -27.9797 168.578
9 1011 -87.2686 -33.9406 168.578
9 1012 -80.982 -39.4607 168.578
9 1013 -74.2406 -44.853 168.578
9 1014 -67.0223 -49.7078 168.578
9 1015 -59.3994 -54.1337 168.578
9 1016 -51.9804 -58.5483 168.578
9 1017 -44.7851 -63.4366 168.578
9 1018 -37.6638 -68.3399 168.578
9 1019 -30.5964 -73.6165 168.578
9 1020 -23.401 -78.9802 168.578
9 1021 -15.6907 -84.3141 168.578
9 1022 -7.69787 -89.7713 168.578
9 1023 0.583864 -95.0289 168.578
9 1024 8.97021 -99.7318 168.578
9 1025 17.7549 -103.164 168.578
9 1026 26.4935 -105.659 168.578
9 1027 34.9592 -107.711 168.578
9 1028 43.7822 -109.471 168.578
9 1029 52.4402 -111.034 168.578
9 1030 61.6297 -112.001 168.578
9 1031 71.7116 -112.562 168.578
9 1032 81.6832 -113.263 168.578
9 1033 91.6337 -114.464 168.578
9 1034 101.146 -116.063 168.578
9 1035 110.239 -117.942 168.578
9 1036 119.508 -120.104 168.578
9 1037 128.727 -122.339 168.578
9 1038 138.361 -124.621 168.578
9 1039 148.84 -126.619 168.578
9 1040 159.643 -128.388 168.578
9 1041 170.104 -129.163 168.578
9 1042 180.246 -129.009 168.578
9 1043 189.752 -128.836 168.578
9 1044 198.62 -128.651 168.578
9 1045 207.407 -128.239 168.578
9 1046 216.548 -127.305 168.578
9 1047 226.021 -126.084 168.578
9 1048 236.314 -124.711 168.578
9 1049 246.444 -123.843 168.578
9 1050 256.246 -123.752 168.578
9 1051 265.64 -124.055 168.578
9 1052 274.385 -124.329 168.578
9 1053 283.113 -124.795 168.578
9 1054 292.01 -125.365 168.578
9 1055 301.84 -126.159 168.578
9 1056 312.426 -126.676 168.578
9 1057 322.932 -126.233 168.578
9 1058 332.985 -124.711 168.578
9 1059 342.157 -122.851 168.578
9 1060 350.315 -120.91 168.578
9 1061 357.902 -118.726 168.578
9 1062 365.407 -116.043 168.578
9 1063 373.11 -112.749 168.578
9 1064 381.806 -109.031 168.578
10 1079 -166.398 407.464 162.287
10 1080 -166.716 396.339 162.287
10 1081 -167.117 384.919 162.287
10 1082 -167.538 373.756 162.287
10 1083 -167.819 362.898 162.287
10 1084 -167.564 352.593 162.287
10 1085 -166.508 343.017 162.287
10 1086 -164.827 333.106 162.287
10 1087 -162.983 322.903 162.287
10 1088 -160.956 312.566 162.287
10 1089 -158.374 302.547 162.287
10 1090 -155.37 292.601 162.287
10 1091 -152.486 282.098 162.287
10 1092 -150.704 271.908 162.287
10 1093 -150.142 261.796 162.287
10 1094 -149.883 251.275 162.287
10 1095 -149.604 240.181 162.287
10 1096 -149.068 228.93 162.287
10 1097 -148.169 217.537 162.287
10 1098 -146.836 206.227 162.287
10 1099 -144.698 195.99 162.287
10 1100 -142.273 186.507 162.287
10 1101 -139.536 177.093 162.287
10 1102 -136.453 167.728 162.287
10 1103 -132.98 159.048 162.287
10 1104 -128.797 150.241 162.287
10 1105 -124.085 140.822 162.287
10 1106 -119.774 131.228 162.287
10 1107 -116.789 121.802 162.287
10 1108 -114.757 112.31 162.287
10 1109 -112.642 102.751 162.287
10 1110 -110.569 92.7418 162.287
10 1111 -108.013 82.5245 162.287
10 1112 -104.794 71.787 162.287
10 1113 -101.068 60.5245 162.287
10 1114 -96.2452 50.5883 162.287
10 1115 -90.9842 41.7751 162.287
10 1116 -85.1882 33.4931 162.287
10 1117 -78.9672 25.8948 162.287
10 1118 -72.1067 19.2757 162.287
10 1119 -64.0602 12.5737 162.287
10 1120 -55.5156 5.40669 162.287
10 1121 -48.0856 -1.65721 162.287
10 1122 -41.3891 -8.7332 162.287
10 1123 -34.837 -15.6555 162.287
10 1124 -27.947 -22.9456 162.287
10 1125 -20.6541 -30.4625 162.287
10 1126 -12.3688 -38.1999 162.287
10 1127 -3.7614 -45.5758 162.287
10 1128 4.95991 -51.8823 162.287
10 1129 13.5973 -56.8729 162.287
10 1130 22.2742 -61.1533 162.287
10 1131 30.7065 -65.2954 162.287
10 1132 39.6748 -68.668 162.287
10 1133 49.5796 -71.7349 162.287
10 1134 60.7078 -74.7534 162.287
10 1135 71.1138 -78.0212 162.287
10 1136 80.5414 -81.8287 162.287
10 1137 89.0925 -85.8733 162.287
10 1138 97.8063 -90.101 162.287
10 1139 106.591 -94.3741 162.287
10 1140 115.832 -98.5371 162.287
10 1141 126.512 -102.439 162.287
10 1142 137.281 -105.492 162.287
10 1143 147.555 -107.698 162.287
10 1144 156.998 -108.881 162.287
10 1145 165.654 -110.314 162.287
10 1146 174.57 -111.654 162.287
10 1147 184.044 -112.747 162.287
10 1148 194.781 -113.549 162.287
10 1149 206.25 -114.342 162.287
10 1150 216.887 -115.444 162.287
10 1151 226.772 -117.225 162.287
10 1152 235.835 -119.234 162.287
10 1153 244.258 -121.257 162.287
10 1154 253.023 -123.179 162.287
10 1155 263.1 -124.701 162.287
10 1156 274.37 -126.017 162.287
10 1157 285.728 -126.924 162.287
10 1158 296.054 -126.881 162.287
10 1159 305.3 -126.729 162.287
10 1160 313.925 -126.492 162.287
10 1161 322.512 -125.862 162.287
10 1162 332.116 -124.419 162.287
10 1163 343.471 -121.823 162.287
10 1164 355.548 -119.141 162.287
10 1165 366.235 -117.314 162.287
10 1166 376.341 -116.704 162.287
10 1167 385.864 -116.117 162.287
11 1184 -160.812 393.918 176.451
11 1185 -160.668 383.346 176.451
11 1186 -160.846 371.642 176.451
11 1187 -161.336 359.607 176.451
11 1188 -162.107 348.064 176.451
11 1189 -162.661 336.859 176.451
11 1190 -162.337 326.697 176.451
11 1191 -161.704 316.872 176.451
11 1192 -160.585 306.658 176.451
11 1193 -159.344 296.1 176.451
11 1194 -157.806 284.888 176.451
11 1195 -155.792 273.428 176.451
11 1196 -153.29 262.782 176.451
11 1197 -150.851 252.969 176.451
11 1198 -148.695 243.232 176.451
11 1199 -147.29 233.889 176.451
11 1200 -146.032 224.099 176.451
11 1201 -144.94 213.457 176.451
11 1202 -144.117 202.176 176.451
11 1203 -143.308 190.217 176.451
11 1204 -142.706 178.331 176.451
11 1205 -141.461 166.743 176.451
11 1206 -139.723 156.193 176.451
11 1207 -137.24 146.565 176.451
11 1208 -134.379 137.05 176.451
11 1209 -131.513 127.417 176.451
11 1210 -128.354 117.193 176.451
11 1211 -124.665 107.298 176.451
11 1212 -120.164 97.7845 176.451
11 1213 -115.609 88.8237 176.451
11 1214 -111.781 80.7624 176.451
11 1215 -108.453 72.9302 176.451
11 1216 -105.578 65.2016 176.451
11 1217 -102.774 56.939 176.451
11 1218 -100.027 48.2083 176.451
11 1219 -97.1967 39.1939 176.451
11 1220 -94.0885 29.9719 176.451
11 1221 -90.2332 20.8756 176.451
11 1222 -85.7476 12.2177 176.451
11 1223 -80.3381 4.35648 176.451
11 1224 -74.6827 -2.87349 176.451
11 1225 -68.7024 -10.1722 176.451
11 1226 -62.5977 -17.1626 176.451
11 1227 -56.0226 -24.0178 176.451
11 1228 -48.4366 -29.8526 176.451
11 1229 -40.4997 -35.2893 176.451
11 1230 -32.642 -40.8778 176.451
11 1231 -25.3004 -46.642 176.451
11 1232 -18.4295 -52.3282 176.451
11 1233 -11.4671 -58.1564 176.451
11 1234 -4.39449 -64.2613 176.451
11 1235 2.72679 -70.7163 176.451
11 1236 10.593 -77.3239 176.451
11 1237 18.8371 -83.5102 176.451
11 1238 27.2825 -88.7956 176.451
11 1239 36.1308 -92.7668 176.451
11 1240 44.9877 -96.3329 176.451
11 1241 53.3971 -99.53 176.451
11 1242 62.128 -102.425 176.451
11 1243 71.4792 -104.793 176.451
11 1244 81.1973 -106.162 176.451
11 1245 91.6575 -106.826 176.451
11 1246 101.41 -108.009 176.451
11 1247 110.983 -109.355 176.451
11 1248 120.215 -111.098 176.451
11 1249 129.358 -112.717 176.451
11 1250 138.514 -114.34 176.451
11 1251 147.609 -116.344 176.451
11 1252 157.133 -118.291 176.451
11 1253 167.165 -119.992 176.451
11 1254 177.084 -120.817 176.451
11 1255 187.389 -120.507 176.451
11 1256 197.023 -119.946 176.451
11 1257 206.124 -119.188 176.451
11 1258 214.638 -118.229 176.451
11 1259 223.406 -116.917 176.451
11 1260 232.49 -114.716 176.451
11 1261 242.209 -111.943 176.451
11 1262 252.071 -109.316 176.451
11 1263 262.466 -107.219 176.451
11 1264 272.006 -105.523 176.451
11 1265 281.191 -103.58 176.451
11 1266 289.896 -102.005 176.451
11 1267 298.903 -100.261 176.451
11 1268 308.505 -98.7476 176.451
11 1269 319.137 -96.7198 176.451
11 1270 329.478 -94.6494 176.451
11 1271 339.417 -91.8 176.451
11 1272 348.57 -88.445 176.451
11 1273 356.683 -85.0745 176.451
11 1274 364.666 -81.4092 176.451
11 1275 374.585 -76.899 176.451
12 1307 -159.392 402.674 172.618
12 1308 -159.111 393.395 172.618
12 1309 -159.332 383.737 172.618
12 1310 -159.57 374 172.618
12 1311 -159.828 363.933 172.618
12 1312 -160.022 353.879 172.618
12 1313 -160.689 344.327 172.618
12 1314 -162.593 335.038 172.618
12 1315 -163.096 324.372 172.618
12 1316 -162.569 314.683 172.618
12 1317 -161.764 304.543 172.618
12 1318 -160.786 294.359 172.618
12 1319 -159.538 284.421 172.618
12 1320 -157.928 274.576 172.618
12 1321 -156.029 264.709 172.618
12 1322 -154.141 254.943 172.618
12 1323 -152.323 245.184 172.618
12 1324 -151.028 235.553 172.618
12 1325 -150.527 226.222 172.618
12 1326 -150.148 217.188 172.618
12 1327 -150.098 208.252 172.618
12 1328 -150.187 199.547 172.618
12 1329 -150.229 190.964 172.618
12 1330 -150.25 181.677 172.618
12 1331 -150.235 172.413 172.618
12 1332 -149.958 163.242 172.618
12 1333 -148.764 153.969 172.618
12 1334 -147.268 144.859 172.618
12 1335 -145.763 136.323 172.618
12 1336 -144.047 127.885 172.618
12 1337 -142.314 119.464 172.618
12 1338 -139.943 111.167 172.618
12 1339 -137.726 102.82 172.618
12 1340 -135.351 94.3444 172.618
12 1341 -133.163 86.1293 172.618
12 1342 -131.556 77.5894 172.618
12 1343 -130.511 69.3077 172.618
12 1344 -129.373 61.4216 172.618
12 1345 -127.976 53.6531 172.618
12 1346 -126.094 45.859 172.618
12 1347 -123.586 37.8045 172.618
12 1348 -120.82 29.6088 172.618
12 1349 -118.067 21.36 172.618
12 1350 -114.439 13.1168 172.618
12 1351 -110.939 5.08842 172.618
12 1352 -107.225 -2.72411 172.618
12 1353 -103.173 -9.81165 172.618
12 1354 -98.5852 -16.6494 172.618
12 1355 -93.6003 -22.9864 172.618
12 1356 -88.0469 -29.0683 172.618
12 1357 -82.2933 -34.5066 172.618
12 1358 -76.3042 -39.5162 172.618
12 1359 -70.5286 -44.9154 172.618
12 1360 -64.7071 -50.1091 172.618
12 1361 -59.0416 -55.1238 172.618
12 1362 -52.8806 -59.9961 172.618
12 1363 -46.6382 -64.6673 172.618
12 1364 -39.8467 -69.2821 172.618
12 1365 -32.3909 -74.0458 172.618
12 1366 -24.4825 -78.959 172.618
12 1367 -15.8397 -83.2984 172.618
12 1368 -7.24688 -86.9261 172.618
12 1369 1.23035 -89.5149 172.618
12 1370 9.70243 -91.711 172.618
12 1371 17.8885 -93.4456 172.618
12 1372 26.2124 -94.8448 172.618
12 1373 35.1351 -96.028 172.618
12 1374 44.5388 -96.8088 172.618
12 1375 53.7744 -97.5708 172.618
12 1376 63.4248 -98.9034 172.618
12 1377 72.7902 -100.739 172.618
12 1378 81.6051 -102.762 172.618
12 1379 90.0526 -104.316 172.618
12 1380 98.3402 -105.828 172.618
12 1381 106.837 -107.477 172.618
12 1382 116.304 -109.046 172.618
12 1383 126.132 -110.96 172.618
12 1384 136.39 -112.547 172.618
12 1385 146.274 -112.772 172.618
12 1386 155.854 -112.6 172.618
12 1387 164.655 -111.91 172.618
12 1388 173.292 -111.219 172.618
12 1389 181.889 -110.172 172.618
12 1390 190.684 -109.046 172.618
12 1391 200.261 -107.747 172.618
12 1392 210.248 -106.561 172.618
12 1393 220.664 -105.94 172.618
12 1394 231.228 -105.628 172.618
12 1395 240.208 -105.274 172.618
12 1396 247.773 -105.046 172.618
12 1397 255.075 -104.813 172.618
12 1398 262.988 -104.294 172.618
12 1399 272.512 -103.764 172.618
12 1400 282.544 -102.877 172.618
12 1401 292.847 -101.352 172.618
12 1402 302.74 -99.4363 172.618
12 1403 312.404 -97.7252 172.618
12 1404 321.021 -95.5413 172.618
12 1405 328.706 -93.065 172.618
12 1406 335.736 -89.5035 172.618
12 1407 343.852 -86.2477 172.618
12 1408 352.966 -82.3875 172.618
12 1409 362.797 -78.3354 172.618
12 1410 372.804 -74.9696 172.618
12 1411 382.399 -72.2951 172.618
13 1441 -164.511 397.707 173.511
13 1442 -161.887 387.995 173.511
13 1443 -160.311 379.103 173.511
13 1444 -159.12 371.023 173.511
13 1445 -157.968 363.277 173.511
13 1446 -157.218 354.008 173.511
13 1447 -157.115 343.714 173.511
13 1448 -157.59 333.114 173.511
13 1449 -158.387 322.413 173.511
13 1450 -158.729 312.735 173.511
13 1451 -158.294 303.411 173.511
13 1452 -156.225 294.674 173.511
13 1453 -153.694 286.606 173.511
13 1454 -150.599 278.652 173.511
13 1455 -147.643 270.025 173.511
13 1456 -144.072 260.895 173.511
13 1457 -139.976 251.664 173.511
13 1458 -135.86 242.849 173.511
13 1459 -132.72 233.931 173.511
13 1460 -131.107 224.868 173.511
13 1461 -130.037 215.957 173.511
13 1462 -129.371 206.757 173.511
13 1463 -128.887 196.861 173.511
13 1464 -128.739 186.165 173.511
13 1465 -128.754 175.007 173.511
13 1466 -129.084 164.343 173.511
13 1467 -128.411 154.412 173.511
13 1468 -126.561 145.508 173.511
13 1469 -124.1 137.243 173.511
13 1470 -120.836 129.262 173.511
13 1471 -117.782 120.887 173.511
13 1472 -114.305 111.921 173.511
13 1473 -110.164 102.569 173.511
13 1474 -105.626 93.683 173.511
13 1475 -101.124 85.7684 173.511
13 1476 -97.6048 78.1036 173.511
13 1477 -95.0657 70.5101 173.511
13 1478 -92.871 63.1718 173.511
13 1479 -90.9183 55.1947 173.511
13 1480 -88.8404 46.2303 173.511
13 1481 -86.8065 36.8695 173.511
13 1482 -84.6146 27.6716 173.511
13 1483 -81.7445 19.1631 173.511
13 1484 -77.5095 11.8801 173.511
13 1485 -71.9981 5.65019 173.511
13 1486 -66.0371 0.141099 173.511
13 1487 -59.9607 -5.06722 173.511
13 1488 -53.6572 -10.2432 173.511
13 1489 -46.7893 -15.1726 173.511
13 1490 -39.3434 -19.6776 173.511
13 1491 -31.1929 -24.2007 173.511
13 1492 -24.0478 -28.0721 173.511
13 1493 -18.0494 -32.7833 173.511
13 1494 -12.4076 -37.5645 173.511
13 1495 -6.7347 -42.2841 173.511
13 1496 -0.285426 -47.2825 173.511
13 1497 6.84002 -52.6639 173.511
13 1498 14.2468 -58.2992 173.511
13 1499 21.6355 -64.0103 173.511
13 1500 29.4827 -69.0064 173.511
13 1501 37.873 -72.4231 173.511
13 1502 46.6736 -74.3755 173.511
13 1503 55.025 -75.6922 173.511
13 1504 63.0406 -76.4802 173.511
13 1505 71.2059 -76.8926 173.511
13 1506 80.515 -77.2213 173.511
13 1507 90.252 -77.2193 173.511
13 1508 100.143 -77.108 173.511
13 1509 109.659 -77.6846 173.511
13 1510 118.426 -79.1861 173.511
13 1511 126.923 -81.1703 173.511
13 1512 135.064 -83.0397 173.511
13 1513 143.432 -85.0412 173.511
13 1514 152.254 -87.4891 173.511
13 1515 161.191 -90.1485 173.511
13 1516 170.316 -92.7663 173.511
13 1517 179.444 -94.5471 173.511
13 1518 188.681 -94.9681 173.511
13 1519 197.771 -94.5626 173.511
13 1520 205.664 -93.6325 173.511
13 1521 213.582 -92.3924 173.511
13 1522 221.993 -90.5869 173.511
13 1523 231.74 -88.4831 173.511
13 1524 242.4 -86.3383 173.511
13 1525 252.913 -84.7746 173.511
13 1526 263.186 -84.7051 173.511
13 1527 272.64 -84.9916 173.511
13 1528 280.788 -85.9465 173.511
13 1529 288.736 -86.4183 173.511
13 1530 296.357 -87.0811 173.511
13 1531 305.128 -87.5214 173.511
13 1532 314.444 -88.1786 173.511
13 1533 324.443 -88.4322 173.511
13 1534 334.083 -87.5021 173.511
13 1535 343.445 -85.389 173.511
13 1536 351.963 -82.4184 173.511
13 1537 359.423 -79.0386 173.511
13 1538 366.237 -75.4299 173.511
13 1539 372.722 -71.5844 173.511
13 1540 379.219 -67.4258 173.511
14 1559 -130.377 405.374 158.368
14 1560 -127.923 393.656 158.368
14 1561 -124.703 381.562 158.368
14 1562 -120.992 370.083 158.368
14 1563 -117.739 358.656 158.368
14 1564 -115.805 348.928 158.368
14 1565 -114.638 338.97 158.368
14 1566 -113.666 327.942 158.368
14 1567 -113.018 316.235 158.368
14 1568 -112.939 303.857 158.368
14 1569 -113.078 291.514 158.368
14 1570 -112.896 279.892 158.368
14 1571 -111.338 269.388 158.368
14 1572 -108.92 259.763 158.368
14 1573 -105.943 249.82 158.368
14 1574 -102.958 239.43 158.368
14 1575 -99.7805 228.413 158.368
14 1576 -95.9909 217.365 158.368
14 1577 -91.8655 206.613 158.368
14 1578 -88.3138 196.359 158.368
14 1579 -86.2807 186.753 158.368
14 1580 -85.183 177.495 158.368
14 1581 -84.5276 167.698 158.368
14 1582 -84.22 157.513 158.368
14 1583 -84.4307 146.763 158.368
14 1584 -85.1547 135.402 158.368
14 1585 -85.3129 124.498 158.368
14 1586 -84.1203 114.224 158.368
14 1587 -81.6231 104.643 158.368
14 1588 -78.6964 95.1817 158.368
14 1589 -75.8783 85.2794 158.368
14 1590 -72.8868 75.4226 158.368
14 1591 -69.3442 65.5886 158.368
14 1592 -65.7911 56.483 158.368
14 1593 -61.5763 48.1012 158.368
14 1594 -57.5605 39.7388 158.368
14 1595 -54.0739 31.8051 158.368
14 1596 -50.5268 23.8334 158.368
14 1597 -46.8327 15.7218 158.368
14 1598 -43.1732 7.20308 158.368
14 1599 -39.4582 -1.49336 158.368
14 1600 -35.375 -9.76371 158.368
14 1601 -30.4896 -17.0272 158.368
14 1602 -24.4632 -23.6704 158.368
14 1603 -17.8527 -29.4382 158.368
14 1604 -10.9611 -34.6805 158.368
14 1605 -3.63048 -39.4273 158.368
14 1606 4.55827 -43.3132 158.368
14 1607 13.7169 -46.3696 158.368
14 1608 22.8343 -49.1019 158.368
14 1609 31.9009 -51.6711 158.368
14 1610 40.7216 -54.4493 158.368
14 1611 49.3727 -57.3062 158.368
14 1612 58.3773 -60.3903 158.368
14 1613 67.4319 -63.8685 158.368
14 1614 77.5339 -68.3646 158.368
14 1615 88.0963 -72.9473 158.368
14 1616 99.1629 -76.5714 158.368
14 1617 110.284 -78.154 158.368
14 1618 120.92 -78.943 158.368
14 1619 131.425 -79.4498 158.368
14 1620 141.525 -79.5255 158.368
14 1621 151.593 -78.9659 158.368
14 1622 161.772 -77.5173 158.368
14 1623 172.541 -76.2098 158.368
14 1624 184.05 -74.9768 158.368
14 1625 195.619 -74.9253 158.368
14 1626 206.087 -74.9043 158.368
14 1627 216.328 -75.0315 158.368
14 1628 226.53 -75.5135 158.368
14 1629 237.679 -76.3536 158.368
14 1630 249.129 -77.1491 158.368
14 1631 260.912 -76.8477 158.368
14 1632 273.074 -75.6242 158.368
14 1633 284.308 -73.5377 158.368
14 1634 294.103 -71.5034 158.368
14 1635 303.693 -69.2224 158.368
14 1636 312.59 -66.5032 158.368
14 1637 322.04 -62.9058 158.368
14 1638 332.04 -59.4082 158.368
14 1639 342.875 -56.2344 158.368
14 1640 353.278 -53.554 158.368
14 1641 362.726 -51.0739 158.368
14 1642 371.403 -48.7242 158.368
14 1643 379.785 -46.5888 158.368
14 1644 388.648 -44.6416 158.368
15 1670 -127.482 397.503 173.265
15 1671 -124.737 388.832 173.265
15 1672 -121.791 380.825 173.265
15 1673 -118.63 372.194 173.265
15 1674 -116.107 364.194 173.265
15 1675 -114.642 355.265 173.265
15 1676 -114.232 346.783 173.265
15 1677 -114.213 337.818 173.265
15 1678 -114.494 328.507 173.265
15 1679 -115.18 319.215 173.265
15 1680 -116.18 310.468 173.265
15 1681 -116.96 302.38 173.265
15 1682 -117.324 294.391 173.265
15 1683 -116.941 286.497 173.265
15 1684 -116.336 278.413 173.265
15 1685 -115.03 270.493 173.265
15 1686 -113.862 261.554 173.265
15 1687 -112.433 252.328 173.265
15 1688 -110.489 243.231 173.265
15 1689 -108.052 234.6 173.265
15 1690 -105.126 226.576 173.265
15 1691 -102.301 218.423 173.265
15 1692 -100.176 210.603 173.265
15 1693 -98.8915 202.379 173.265
15 1694 -97.9747 193.911 173.265
15 1695 -97.5612 185.617 173.265
15 1696 -97.5101 176.585 173.265
15 1697 -97.4059 167.712 173.265
15 1698 -97.4075 158.887 173.265
15 1699 -97.1921 150.237 173.265
15 1700 -96.3877 142.042 173.265
15 1701 -94.827 134.218 173.265
15 1702 -92.9856 126.687 173.265
15 1703 -90.7971 118.977 173.265
15 1704 -88.4208 111.486 173.265
15 1705 -85.8098 104.147 173.265
15 1706 -82.1241 96.8647 173.265
15 1707 -78.2393 89.8315 173.265
15 1708 -73.6012 82.5553 173.265
15 1709 -69.2336 74.633 173.265
15 1710 -66.1218 66.4572 173.265
15 1711 -63.752 58.6308 173.265
15 1712 -61.3813 50.8904 173.265
15 1713 -59.0415 43.4503 173.265
15 1714 -56.7605 35.593 173.265
15 1715 -54.053 26.9101 173.265
15 1716 -50.9063 18.3237 173.265
15 1717 -46.7042 10.0806 173.265
15 1718 -42.081 2.37474 173.265
15 1719 -37.251 -3.91126 173.265
15 1720 -32.1656 -9.20251 173.265
15 1721 -27.0916 -13.8378 173.265
15 1722 -21.9306 -18.1923 173.265
15 1723 -16.3914 -21.7569 173.265
15 1724 -10.6367 -24.8475 173.265
15 1725 -3.85293 -27.6051 173.265
15 1726 3.23247 -30.3686 173.265
15 1727 10.8723 -33.1086 173.265
15 1728 17.8887 -36.0909 173.265
15 1729 24.6124 -39.5762 173.265
15 1730 30.689 -43.4614 173.265
15 1731 37.0645 -47.5603 173.265
15 1732 43.2554 -51.6081 173.265
15 1733 49.7093 -55.7889 173.265
15 1734 55.9468 -60.1269 173.265
15 1735 62.7875 -64.6627 173.265
15 1736 70.5739 -68.9753 173.265
15 1737 79.2798 -72.5163 173.265
15 1738 87.1698 -74.5995 173.265
15 1739 94.5991 -75.9816 173.265
15 1740 101.604 -76.8306 173.265
15 1741 108.687 -77.2194 173.265
15 1742 115.682 -77.0042 173.265
15 1743 123.432 -76.2288 173.265
15 1744 131.695 -75.0749 173.265
15 1745 140.456 -73.9639 173.265
15 1746 149.3 -73.6773 173.265
15 1747 157.729 -74.1214 173.265
15 1748 165.623 -75.2244 173.265
15 1749 173.306 -76.5092 173.265
15 1750 181.136 -78.1618 173.265
15 1751 188.435 -79.9807 173.265
15 1752 196.415 -82.1842 173.265
15 1753 205.198 -84.8424 173.265
15 1754 214.31 -87.3952 173.265
15 1755 223.762 -89.1384 173.265
15 1756 232.502 -89.4653 173.265
15 1757 240.511 -88.912 173.265
15 1758 248.023 -87.9182 173.265
15 1759 255.112 -86.5757 173.265
15 1760 261.999 -84.8269 173.265
15 1761 269.308 -82.4981 173.265
15 1762 278.129 -80.0527 173.265
15 1763 287.981 -77.1854 173.265
15 1764 296.984 -74.9862 173.265
15 1765 305.513 -74.1611 173.265
15 1766 313.381 -73.9415 173.265
15 1767 320.935 -73.9713 173.265
15 1768 327.876 -74.0824 173.265
15 1769 334.79 -74.3057 173.265
15 1770 342.014 -74.6965 173.265
15 1771 350.37 -74.926 173.265
15 1772 360.021 -74.7269 173.265
15 1773 369.428 -74.0371 173.265
15 1774 377.699 -72.8689 173.265
16 1788 -133.159 393.552 174.801
16 1789 -131.044 382.756 174.801
16 1790 -128.643 371.533 174.801
16 1791 -125.827 360.899 174.801
16 1792 -123.121 351.191 174.801
16 1793 -121.08 342.245 174.801
16 1794 -120.22 333.691 174.801
16 1795 -120.589 324.604 174.801
16 1796 -121.219 314.583 174.801
16 1797 -121.968 303.802 174.801
16 1798 -122.952 292.211 174.801
16 1799 -123.928 280.109 174.801
16 1800 -124.779 268.173 174.801
16 1801 -124.859 256.748 174.801
16 1802 -123.567 246.177 174.801
16 1803 -121.842 236.102 174.801
16 1804 -119.861 226.004 174.801
16 1805 -117.976 215.842 174.801
16 1806 -115.587 205.713 174.801
16 1807 -113.039 196.03 174.801
16 1808 -110.393 186.446 174.801
16 1809 -108.333 177.471 174.801
16 1810 -107.693 168.983 174.801
16 1811 -107.329 161.009 174.801
16 1812 -107.258 152.828 174.801
16 1813 -106.934 143.877 174.801
16 1814 -107.066 134.723 174.801
16 1815 -107.3 125.036 174.801
16 1816 -107.414 115.149 174.801
16 1817 -107.025 105.427 174.801
16 1818 -105.445 96.3331 174.801
16 1819 -103.261 87.4144 174.801
16 1820 -101.167 79.0085 174.801
16 1821 -99.2163 70.1322 174.801
16 1822 -96.6436 60.9966 174.801
16 1823 -93.3478 52.0731 174.801
16 1824 -89.6745 43.8139 174.801
16 1825 -85.5955 35.5705 174.801
16 1826 -82.4354 27.5896 174.801
16 1827 -79.9091 19.5911 174.801
16 1828 -77.7242 11.7049 174.801
16 1829 -75.507 3.8329 174.801
16 1830 -73.1999 -4.11767 174.801
16 1831 -70.9109 -12.2151 174.801
16 1832 -68.4091 -20.776 174.801
16 1833 -65.4004 -28.9199 174.801
16 1834 -61.4517 -36.6428 174.801
16 1835 -56.1237 -43.0897 174.801
16 1836 -50.0167 -49.1933 174.801
16 1837 -43.3086 -55.103 174.801
16 1838 -36.2721 -60.5159 174.801
16 1839 -28.8299 -65.2119 174.801
16 1840 -20.87 -68.9222 174.801
16 1841 -11.9406 -71.8443 174.801
16 1842 -3.56284 -74.6678 174.801
16 1843 3.97236 -78.1067 174.801
16 1844 11.3683 -82.1289 174.801
16 1845 18.6305 -85.9622 174.801
16 1846 25.84 -89.6258 174.801
16 1847 33.575 -93.7041 174.801
16 1848 41.3998 -98.1204 174.801
16 1849 49.9945 -102.689 174.801
16 1850 59.5403 -107.206 174.801
16 1851 69.3198 -109.879 174.801
16 1852 79.0895 -110.898 174.801
16 1853 88.6299 -111.124 174.801
16 1854 97.5305 -110.942 174.801
16 1855 106.29 -110.58 174.801
16 1856 115.004 -109.72 174.801
16 1857 124.134 -108.051 174.801
16 1858 133.582 -106.008 174.801
16 1859 143.076 -104.378 174.801
16 1860 152.773 -103.695 174.801
16 1861 162.385 -103.847 174.801
16 1862 171.127 -104.476 174.801
16 1863 179.818 -105.171 174.801
16 1864 188.494 -105.931 174.801
16 1865 198.035 -106.947 174.801
16 1866 208.181 -107.958 174.801
16 1867 218.714 -108.408 174.801
16 1868 229.558 -107.256 174.801
16 1869 239.681 -105.205 174.801
16 1870 248.992 -103.182 174.801
16 1871 257.238 -101.016 174.801
16 1872 265.327 -98.0715 174.801
16 1873 273.487 -94.5535 174.801
16 1874 282.573 -90.595 174.801
16 1875 292.739 -86.7622 174.801
16 1876 302.81 -84.2104 174.801
16 1877 312.492 -82.3793 174.801
16 1878 320.766 -80.7215 174.801
16 1879 328.69 -79.1867 174.801
16 1880 336.426 -78.0813 174.801
16 1881 345.124 -76.9251 174.801
16 1882 354.379 -75.9861 174.801
16 1883 364.453 -74.4903 174.801
16 1884 374.528 -71.8136 174.801
17 1908 -161.722 397.783 172.032
17 1909 -160.435 388.211 172.032
17 1910 -159.079 378.322 172.032
17 1911 -157.708 368.588 172.032
17 1912 -156.414 359.414 172.032
17 1913 -155.775 350.959 172.032
17 1914 -155.884 342.719 172.032
17 1915 -156.414 333.862 172.032
17 1916 -157.013 324.073 172.032
17 1917 -157.493 313.472 172.032
17 1918 -157.919 302.806 172.032
17 1919 -158.366 292.608 172.032
17 1920 -158.579 283.141 172.032
17 1921 -158.5 274.493 172.032
17 1922 -157.779 265.533 172.032
17 1923 -156.049 256.346 172.032
17 1924 -153.887 246.749 172.032
17 1925 -151.812 237.066 172.032
17 1926 -149.771 226.775 172.032
17 1927 -147.701 216.646 172.032
17 1928 -145.827 206.654 172.032
17 1929 -144.515 197.284 172.032
17 1930 -143.914 188.135 172.032
17 1931 -144.152 178.761 172.032
17 1932 -144.36 169.09 172.032
17 1933 -144.624 159.033 172.032
17 1934 -144.775 148.645 172.032
17 1935 -144.742 138.458 172.032
17 1936 -144.799 128.723 172.032
17 1937 -144.299 119.549 172.032
17 1938 -143.327 110.221 172.032
17 1939 -140.832 101.546 172.032
17 1940 -138.155 93.2357 172.032
17 1941 -135.88 85.0279 172.032
17 1942 -133.347 76.4475 172.032
17 1943 -130.984 67.7779 172.032
17 1944 -128.668 59.0495 172.032
17 1945 -126.152 50.35 172.032
17 1946 -123.889 42.0045 172.032
17 1947 -121.955 33.3983 172.032
17 1948 -120.008 24.7309 172.032
17 1949 -117.908 16.1003 172.032
17 1950 -114.84 7.02367 172.032
17 1951 -111.772 -1.67101 172.032
17 1952 -108.682 -10.2518 172.032
17 1953 -105.32 -18.4614 172.032
17 1954 -101.362 -26.1422 172.032
17 1955 -96.3708 -33.6825 172.032
17 1956 -91.1797 -40.3191 172.032
17 1957 -85.686 -46.4797 172.032
17 1958 -80.0616 -52.392 172.032
17 1959 -74.4536 -58.3006 172.032
17 1960 -68.4231 -64.0337 172.032
17 1961 -61.9456 -69.7249 172.032
17 1962 -55.6622 -75.0498 172.032
17 1963 -49.5676 -80.3016 172.032
17 1964 -43.6821 -85.8269 172.032
17 1965 -37.1766 -91.5294 172.032
17 1966 -30.3969 -96.9332 172.032
17 1967 -23.0261 -102.348 172.032
17 1968 -15.6884 -107.225 172.032
17 1969 -8.3637 -112.333 172.032
17 1970 -0.69545 -116.838 172.032
17 1971 7.37418 -120.879 172.032
17 1972 16.1703 -124.106 172.032
17 1973 24.7284 -126.062 172.032
17 1974 33.2882 -127.698 172.032
17 1975 41.7466 -129.217 172.032
17 1976 50.4124 -130.416 172.032
17 1977 59.4464 -131.344 172.032
17 1978 68.9732 -132.024 172.032
17 1979 78.2886 -132.726 172.032
17 1980 87.8509 -134.234 172.032
17 1981 96.8445 -136.378 172.032
17 1982 105.732 -138.295 172.032
17 1983 114.496 -140.068 172.032
17 1984 122.946 -141.665 172.032
17 1985 131.789 -143.359 172.032
17 1986 141.033 -144.96 172.032
17 1987 150.858 -146.304 172.032
17 1988 160.779 -146.504 172.032
17 1989 170.233 -145.697 172.032
17 1990 179.032 -144.406 172.032
17 1991 187.509 -143.089 172.032
17 1992 195.309 -141.762 172.032
17 1993 203.292 -140.231 172.032
17 1994 212.159 -138.782 172.032
17 1995 222.077 -137.174 172.032
17 1996 231.824 -135.978 172.032
17 1997 242.015 -135.448 172.032
17 1998 251.902 -135.398 172.032
17 1999 261.044 -135.394 172.032
17 2000 269.675 -135.308 172.032
17 2001 277.872 -135.587 172.032
17 2002 287.244 -135.472 172.032
17 2003 297.362 -135.154 172.032
17 2004 307.807 -134.469 172.032
17 2005 317.503 -132.559 172.032
17 2006 325.839 -129.803 172.032
17 2007 333.107 -127.068 172.032
17 2008 339.985 -124.38 172.032
17 2009 346.689 -121.405 172.032
17 2010 354.027 -118.685 172.032
17 2011 362.173 -115.95 172.032
17 2012 370.85 -112.848 172.032
17 2013 379.95 -109.837 172.032
18 2030 -147.505 383.952 195.182
18 2031 -145.557 374.285 195.182
18 2032 -143.47 363.397 195.182
18 2033 -141.531 351.615 195.182
18 2034 -139.565 339.375 195.182
18 2035 -137.385 327.328 195.182
18 2036 -135.059 315.734 195.182
18 2037 -132.796 304.606 195.182
18 2038 -130.906 293.999 195.182
18 2039 -129.541 283.289 195.182
18 2040 -128.792 272.163 195.182
18 2041 -128.311 260.388 195.182
18 2042 -127.942 248.083 195.182
18 2043 -127.6 235.864 195.182
18 2044 -127.185 224.307 195.182
18 2045 -126.383 213.227 195.182
18 2046 -124.487 202.808 195.182
18 2047 -121.835 192.756 195.182
18 2048 -118.651 182.8 195.182
18 2049 -115.3 173.186 195.182
18 2050 -111.614 163.381 195.182
18 2051 -107.805 153.069 195.182
18 2052 -104.03 142.78 195.182
18 2053 -100.436 132.365 195.182
18 2054 -96.8902 122.128 195.182
18 2055 -93.631 112.118 195.182
18 2056 -91.1484 102.948 195.182
18 2057 -89.0621 94.0096 195.182
18 2058 -87.314 84.9386 195.182
18 2059 -85.5623 75.2509 195.182
18 2060 -83.4339 65.4212 195.182
18 2061 -80.7758 55.5494 195.182
18 2062 -77.4652 46.0586 195.182
18 2063 -73.0729 36.9223 195.182
18 2064 -67.8795 28.8233 195.182
18 2065 -62.0151 21.7094 195.182
18 2066 -55.9584 14.859 195.182
18 2067 -49.6032 8.00216 195.182
18 2068 -42.8871 0.856744 195.182
18 2069 -35.6286 -5.90539 195.182
18 2070 -27.5788 -12.7129 195.182
18 2071 -19.613 -18.6377 195.182
18 2072 -12.6208 -24.3461 195.182
18 2073 -6.45848 -29.7209 195.182
18 2074 -0.54026 -34.7686 195.182
18 2075 5.81018 -40.1612 195.182
18 2076 13.0526 -45.6105 195.182
18 2077 20.5107 -51.0866 195.182
18 2078 29.1945 -56.5734 195.182
18 2079 38.4461 -61.952 195.182
18 2080 47.7785 -66.1693 195.182
18 2081 57.4209 -68.8345 195.182
18 2082 66.794 -70.5794 195.182
18 2083 75.6627 -71.7303 195.182
18 2084 84.5352 -73.0279 195.182
18 2085 93.0728 -73.9895 195.182
18 2086 102.602 -75.0549 195.182
18 2087 112.977 -75.7385 195.182
18 2088 123.47 -76.5009 195.182
18 2089 134.173 -77.4635 195.182
18 2090 145.016 -78.9226 195.182
18 2091 155.063 -80.9076 195.182
18 2092 164.417 -83.1979 195.182
18 2093 173.332 -85.8556 195.182
18 2094 182.498 -88.4142 195.182
18 2095 192.501 -90.919 195.182
18 2096 203.598 -92.8442 195.182
18 2097 214.123 -94.2615 195.182
18 2098 225.099 -94.666 195.182
18 2099 236.001 -94.3493 195.182
18 2100 245.625 -93.664 195.182
18 2101 254.404 -92.8896 195.182
18 2102 262.886 -91.9389 195.182
18 2103 271.852 -90.7642 195.182
18 2104 281.6 -89.2465 195.182
18 2105 292.578 -87.0895 195.182
18 2106 302.945 -85.5634 195.182
18 2107 312.748 -84.5901 195.182
18 2108 321.821 -83.8982 195.182
18 2109 330.099 -83.321 195.182
18 2110 337.838 -82.8137 195.182
18 2111 345.635 -82.1415 195.182
18 2112 353.842 -81.3677 195.182
18 2113 362.921 -80.2001 195.182
19 2139 -165.196 406.209 166.47
19 2140 -163.569 394.543 166.47
19 2141 -162.421 383.349 166.47
19 2142 -161.693 372.147 166.47
19 2143 -161.253 360.18 166.47
19 2144 -160.865 347.207 166.47
19 2145 -160.526 333.177 166.47
19 2146 -160.214 318.867 166.47
19 2147 -159.847 305.662 166.47
19 2148 -159.288 294.368 166.47
19 2149 -158.196 284.237 166.47
19 2150 -155.995 274.999 166.47
19 2151 -153.751 266.471 166.47
19 2152 -151.731 257.249 166.47
19 2153 -149.838 247.242 166.47
19 2154 -147.613 236.419 166.47
19 2155 -144.612 225.842 166.47
19 2156 -141.821 215.856 166.47
19 2157 -139.876 206.642 166.47
19 2158 -139.234 197.317 166.47
19 2159 -139.545 188.245 166.47
19 2160 -139.899 178.701 166.47
19 2161 -140.114 168.48 166.47
19 2162 -140.575 157.406 166.47
19 2163 -140.941 146.311 166.47
19 2164 -140.853 135.877 166.47
19 2165 -140.274 127.312 166.47
19 2166 -138.316 119.276 166.47
19 2167 -136.086 112.113 166.47
19 2168 -133.298 104.674 166.47
19 2169 -130.391 96.2141 166.47
19 2170 -127.17 87.0757 166.47
19 2171 -123.342 77.4461 166.47
19 2172 -119.275 67.8768 166.47
19 2173 -115.642 58.8001 166.47
19 2174 -112.123 50.0667 166.47
19 2175 -108.976 41.3808 166.47
19 2176 -106.031 32.596 166.47
19 2177 -102.484 23.5507 166.47
19 2178 -98.723 14.1684 166.47
19 2179 -94.9127 4.68854 166.47
19 2180 -90.8071 -4.14677 166.47
19 2181 -86.751 -12.388 166.47
19 2182 -81.6868 -19.7904 166.47
19 2183 -75.8173 -26.5362 166.47
19 2184 -69.374 -33.0043 166.47
19 2185 -62.4035 -39.4896 166.47
19 2186 -55.0385 -45.9886 166.47
19 2187 -47.2505 -52.1095 166.47
19 2188 -39.2911 -57.2804 166.47
19 2189 -31.6326 -61.9154 166.47
19 2190 -23.8474 -66.473 166.47
19 2191 -16.096 -71.683 166.47
19 2192 -8.97233 -76.823 166.47
19 2193 -1.82722 -81.8315 166.47
19 2194 5.5056 -86.9357 166.47
19 2195 13.4365 -92.1794 166.47
19 2196 22.1019 -97.4201 166.47
19 2197 31.2988 -102.003 166.47
19 2198 40.4724 -105.286 166.47
19 2199 50.0911 -107.585 166.47
19 2200 60.1173 -109.316 166.47
19 2201 69.9852 -110.721 166.47
19 2202 79.6349 -111.828 166.47
19 2203 89.3236 -112.298 166.47
19 2204 99.302 -112.11 166.47
19 2205 109.245 -112.418 166.47
19 2206 119.444 -112.985 166.47
19 2207 129.061 -113.899 166.47
19 2208 138.602 -114.861 166.47
19 2209 147.488 -115.923 166.47
19 2210 156.076 -116.989 166.47
19 2211 164.915 -118.333 166.47
19 2212 174.425 -119.705 166.47
19 2213 184.478 -120.954 166.47
19 2214 194.872 -122.067 166.47
19 2215 205.277 -122.148 166.47
19 2216 215.495 -121.44 166.47
19 2217 225.038 -120.226 166.47
19 2218 233.99 -118.934 166.47
19 2219 242.968 -117.437 166.47
19 2220 252.01 -115.95 166.47
19 2221 261.557 -114.103 166.47
19 2222 271.652 -112.704 166.47
19 2223 281.88 -111.629 166.47
19 2224 291.999 -110.94 166.47
19 2225 302.135 -110.327 166.47
19 2226 311.164 -110.318 166.47
19 2227 320.177 -110.389 166.47
19 2228 329.592 -110.395 166.47
19 2229 339.594 -109.881 166.47
19 2230 350.164 -108.782 166.47
19 2231 360.252 -107.087 166.47
19 2232 369.962 -104.531 166.47
19 2233 379.312 -101.342 166.47
20 2268 -157.241 405.573 164.924
20 2269 -158.87 396.624 164.924
20 2270 -159.885 388.372 164.924
20 2271 -159.851 380.689 164.924
20 2272 -158.834 372.921 164.924
20 2273 -157.331 364.188 164.924
20 2274 -155.478 354.586 164.924
20 2275 -153.13 344.647 164.924
20 2276 -150.408 334.872 164.924
20 2277 -147.744 325.821 164.924
20 2278 -145.894 317.417 164.924
20 2279 -145.112 309.179 164.924
20 2280 -145.121 300.435 164.924
20 2281 -145.352 290.976 164.924
20 2282 -145.953 280.643 164.924
20 2283 -146.995 269.981 164.924
20 2284 -148.328 259.582 164.924
20 2285 -149.344 249.516 164.924
20 2286 -149.632 239.674 164.924
20 2287 -148.596 229.984 164.924
20 2288 -146.788 220.367 164.924
20 2289 -145.137 210.287 164.924
20 2290 -143.124 200.019 164.924
20 2291 -140.73 190.14 164.924
20 2292 -137.58 179.968 164.924
20 2293 -134.133 170.136 164.924
20 2294 -131.492 160.314 164.924
20 2295 -129.645 151.1 164.924
20 2296 -128.8 141.993 164.924
20 2297 -128.203 132.758 164.924
20 2298 -128.089 123.368 164.924
20 2299 -127.813 113.888 164.924
20 2300 -127.622 104.162 164.924
20 2301 -126.802 94.2235 164.924
20 2302 -124.618 84.7832 164.924
20 2303 -121.396 76.613 164.924
20 2304 -117.829 68.7157 164.924
20 2305 -113.896 60.9057 164.924
20 2306 -108.987 53.6235 164.924
20 2307 -103.606 46.1397 164.924
20 2308 -97.3222 38.9019 164.924
20 2309 -91.2549 31.7922 164.924
20 2310 -86.2134 24.9047 164.924
20 2311 -81.9673 18.1677 164.924
20 2312 -78.109 11.605 164.924
20 2313 -74.3509 4.47638 164.924
20 2314 -70.5938 -3.05827 164.924
20 2315 -66.8134 -11.1946 164.924
20 2316 -62.9534 -19.1229 164.924
20 2317 -58.1962 -26.7645 164.924
20 2318 -52.1938 -33.0479 164.924
20 2319 -45.7076 -38.1214 164.924
20 2320 -39.1015 -42.5129 164.924
20 2321 -32.2109 -46.4314 164.924
20 2322 -24.4432 -49.8979 164.924
20 2323 -16.0074 -52.675 164.924
20 2324 -7.32045 -54.9247 164.924
20 2325 1.25441 -57.2322 164.924
20 2326 9.58967 -60.1143 164.924
20 2327 17.5364 -63.5819 164.924
20 2328 24.8549 -67.4839 164.924
20 2329 32.3218 -71.5785 164.924
20 2330 40.0279 -76.2997 164.924
20 2331 47.7504 -81.2866 164.924
20 2332 56.0749 -85.9184 164.924
20 2333 65.1151 -89.9735 164.924
20 2334 74.0989 -92.296 164.924
20 2335 82.3385 -93.729 164.924
20 2336 90.4055 -94.8408 164.924
20 2337 98.6516 -95.3514 164.924
20 2338 107.272 -95.1248 164.924
20 2339 116.736 -93.8142 164.924
20 2340 126.832 -92.4031 164.924
20 2341 136.921 -91.4596 164.924
20 2342 146.725 -91.4263 164.924
20 2343 155.745 -92.4112 164.924
20 2344 164.48 -93.9091 164.924
20 2345 172.796 -95.4566 164.924
20 2346 181.559 -97.5937 164.924
20 2347 190.577 -99.9099 164.924
20 2348 199.783 -101.985 164.924
20 2349 209.851 -103.119 164.924
20 2350 219.54 -103.07 164.924
20 2351 227.989 -102.365 164.924
20 2352 235.954 -101.396 164.924
20 2353 243.681 -100.308 164.924
20 2354 251.622 -98.6924 164.924
20 2355 260.112 -96.1354 164.924
20 2356 269.55 -93.163 164.924
20 2357 279.422 -90.3961 164.924
20 2358 288.977 -88.7769 164.924
20 2359 297.631 -88.0384 164.924
20 2360 305.739 -88.039 164.924
20 2361 313.279 -87.9334 164.924
20 2362 321.629 -88.7335 164.924
20 2363 330.213 -89.3948 164.924
20 2364 339.803 -89.6324 164.924
20 2365 350.065 -88.9391 164.924
20 2366 359.797 -86.9277 164.924
20 2367 367.973 -84.2211 164.924
20 2368 374.843 -81.4549 164.924
20 2369 381.012 -78.3404 164.924
20 2370 386.743 -74.7293 164.924
21 2397 -140.767 411.662 159.364
21 2398 -139.678 401.222 159.364
21 2399 -138.796 390.949 159.364
21 2400 -138.104 380.748 159.364
21 2401 -137.416 370.811 159.364
21 2402 -136.318 361.176 159.364
21 2403 -135.047 351.707 159.364
21 2404 -133.184 341.796 159.364
21 2405 -130.933 331.374 159.364
21 2406 -129.09 320.584 159.364
21 2407 -127.11 309.437 159.364
21 2408 -125.57 298.695 159.364
21 2409 -124 288.383 159.364
21 2410 -122.252 278.356 159.364
21 2411 -120.437 268.724 159.364
21 2412 -118.66 259.165 159.364
21 2413 -117.048 249.671 159.364
21 2414 -115.579 239.796 159.364
21 2415 -114.457 229.992 159.364
21 2416 -113.447 219.996 159.364
21 2417 -112.621 210.166 159.364
21 2418 -111.715 200.325 159.364
21 2419 -110.216 190.538 159.364
21 2420 -108.505 180.802 159.364
21 2421 -106.615 170.842 159.364
21 2422 -104.811 161.196 159.364
21 2423 -103.19 152.199 159.364
21 2424 -101.89 143.52 159.364
21 2425 -100.491 134.517 159.364
21 2426 -98.8255 125.219 159.364
21 2427 -97.0283 116.078 159.364
21 2428 -94.9384 107.161 159.364
21 2429 -93.2537 98.3695 159.364
21 2430 -91.8939 89.9592 159.364
21 2431 -90.8225 81.438 159.364
21 2432 -89.6427 72.9973 159.364
21 2433 -88.3783 64.4258 159.364
21 2434 -86.7473 56.1013 159.364
21 2435 -85.112 48.1635 159.364
21 2436 -83.0785 40.667 159.364
21 2437 -80.4959 33.2414 159.364
21 2438 -77.781 26.162 159.364
21 2439 -74.6042 19.3139 159.364
21 2440 -71.0509 12.3231 159.364
21 2441 -66.963 5.23176 159.364
21 2442 -62.7545 -1.6752 159.364
21 2443 -57.9026 -8.69668 159.364
21 2444 -52.4484 -15.2108 159.364
21 2445 -46.7496 -21.48 159.364
21 2446 -40.9372 -27.5905 159.364
21 2447 -35.2103 -33.6297 159.364
21 2448 -29.542 -39.5852 159.364
21 2449 -23.6391 -45.5046 159.364
21 2450 -17.3811 -51.3315 159.364
21 2451 -10.8591 -56.7701 159.364
21 2452 -3.92594 -61.9333 159.364
21 2453 2.95811 -66.6025 159.364
21 2454 10.4436 -70.8241 159.364
21 2455 18.0591 -74.7435 159.364
21 2456 25.531 -78.3009 159.364
21 2457 33.0576 -81.4836 159.364
21 2458 40.7193 -84.4535 159.364
21 2459 48.4693 -87.0519 159.364
21 2460 56.8071 -89.1644 159.364
21 2461 65.4455 -91.0421 159.364
21 2462 74.5509 -92.8823 159.364
21 2463 83.3906 -94.5789 159.364
21 2464 92.1136 -96.2625 159.364
21 2465 100.724 -97.8973 159.364
21 2466 109.005 -99.3902 159.364
21 2467 117.146 -100.951 159.364
21 2468 125.448 -102.373 159.364
21 2469 134.102 -103.198 159.364
21 2470 142.708 -103.867 159.364
21 2471 151.984 -104.333 159.364
21 2472 161.285 -104.863 159.364
21 2473 170.05 -105.683 159.364
21 2474 178.369 -106.085 159.364
21 2475 186.669 -106.477 159.364
21 2476 195.011 -106.496 159.364
21 2477 203.766 -106.053 159.364
21 2478 212.715 -105.23 159.364
21 2479 222.364 -104.301 159.364
21 2480 232.169 -103.445 159.364
21 2481 241.391 -102.729 159.364
21 2482 250.17 -102.293 159.364
21 2483 258.403 -102.138 159.364
21 2484 266.496 -101.987 159.364
21 2485 274.744 -101.829 159.364
21 2486 283.708 -101.16 159.364
21 2487 292.861 -100.043 159.364
21 2488 302.346 -98.9926 159.364
21 2489 311.064 -97.4221 159.364
21 2490 319.277 -96.1506 159.364
21 2491 326.623 -94.594 159.364
21 2492 333.466 -92.9625 159.364
21 2493 339.909 -90.6656 159.364
21 2494 346.803 -88.5626 159.364
21 2495 354.001 -86.2352 159.364
21 2496 361.273 -83.6955 159.364
21 2497 369.051 -80.8636 159.364
21 2498 376.843 -77.8948 159.364
21 2499 384.06 -75.0148 159.364
22 2525 -167.67 400.401 168.328
22 2526 -166.567 391.937 168.328
22 2527 -165.208 382.317 168.328
22 2528 -163.701 371.564 168.328
22 2529 -161.889 360.237 168.328
22 2530 -159.787 349.688 168.328
22 2531 -157.315 339.981 168.328
22 2532 -155.723 330.379 168.328
22 2533 -155.405 320.932 168.328
22 2534 -155.286 311.168 168.328
22 2535 -154.797 300.818 168.328
22 2536 -154.503 290.09 168.328
22 2537 -155.318 279.288 168.328
22 2538 -156.935 268.762 168.328
22 2539 -158.331 259.241 168.328
22 2540 -158.294 250.563 168.328
22 2541 -156.71 242.298 168.328
22 2542 -154.59 234.266 168.328
22 2543 -152.793 225.67 168.328
22 2544 -151.214 216.468 168.328
22 2545 -149.31 207.166 168.328
22 2546 -147.32 197.8 168.328
22 2547 -145.194 188.609 168.328
22 2548 -144.028 179.366 168.328
22 2549 -144.114 170.895 168.328
22 2550 -144.579 162.49 168.328
22 2551 -144.519 153.704 168.328
22 2552 -144.543 144.243 168.328
22 2553 -144.901 134.594 168.328
22 2554 -145.567 124.783 168.328
22 2555 -146.559 114.654 168.328
22 2556 -147.164 104.819 168.328
22 2557 -146.203 95.2915 168.328
22 2558 -143.789 86.7182 168.328
22 2559 -141.218 78.027 168.328
22 2560 -138.534 69.3253 168.328
22 2561 -135.412 60.7798 168.328
22 2562 -131.68 52.0261 168.328
22 2563 -127.695 43.2402 168.328
22 2564 -123.759 34.5094 168.328
22 2565 -120.562 25.6803 168.328
22 2566 -117.651 17.9876 168.328
22 2567 -114.31 10.654 168.328
22 2568 -111.213 3.04457 168.328
22 2569 -108.137 -5.21657 168.328
22 2570 -105.081 -14.2774 168.328
22 2571 -101.946 -23.2875 168.328
22 2572 -98.815 -31.7372 168.328
22 2573 -94.8144 -39.2427 168.328
22 2574 -89.1338 -45.5616 168.328
22 2575 -82.4064 -50.9429 168.328
22 2576 -75.2696 -55.7873 168.328
22 2577 -68.0435 -60.3515 168.328
22 2578 -60.6466 -64.5094 168.328
22 2579 -52.6654 -67.8102 168.328
22 2580 -44.6238 -70.2423 168.328
22 2581 -36.2614 -72.988 168.328
22 2582 -28.031 -76.8141 168.328
22 2583 -21.082 -80.2609 168.328
22 2584 -14.0679 -83.9011 168.328
22 2585 -6.40854 -88.2922 168.328
22 2586 2.12487 -92.6238 168.328
22 2587 11.2155 -97.2499 168.328
22 2588 19.8998 -101.822 168.328
22 2589 28.8263 -105.887 168.328
22 2590 38.3679 -108.269 168.328
22 2591 48.1457 -109.181 168.328
22 2592 57.7084 -109.797 168.328
22 2593 66.9753 -109.959 168.328
22 2594 76.5691 -109.67 168.328
22 2595 86.3782 -108.876 168.328
22 2596 96.0672 -107.611 168.328
22 2597 105.6 -106.319 168.328
22 2598 115.514 -106.152 168.328
22 2599 124.852 -106.655 168.328
22 2600 134.062 -107.022 168.328
22 2601 143.389 -107.629 168.328
22 2602 152.871 -108.463 168.328
22 2603 162.784 -109.921 168.328
22 2604 172.99 -111.871 168.328
22 2605 183.525 -114.334 168.328
22 2606 193.904 -115.316 168.328
22 2607 203.494 -114.617 168.328
22 2608 212.409 -113.74 168.328
22 2609 220.879 -112.827 168.328
22 2610 229.397 -111.412 168.328
22 2611 239.054 -109.335 168.328
22 2612 248.572 -107.347 168.328
22 2613 258.363 -105.211 168.328
22 2614 269.728 -103.569 168.328
22 2615 280.568 -102.993 168.328
22 2616 290.056 -102.327 168.328
22 2617 298.626 -102.342 168.328
22 2618 307.255 -102.151 168.328
22 2619 316.664 -102.379 168.328
22 2620 326.816 -103.073 168.328
22 2621 337.074 -103.593 168.328
22 2622 347.438 -102.607 168.328
22 2623 357.068 -100.103 168.328
22 2624 365.42 -97.2814 168.328
22 2625 372.923 -94.663 168.328
22 2626 379.954 -91.9307 168.328
23 2641 -165.515 402.391 167.416
23 2642 -166.638 392.21 167.416
23 2643 -167.629 381.049 167.416
23 2644 -168.541 369.126 167.416
23 2645 -169.628 356.737 167.416
23 2646 -170.799 344.691 167.416
23 2647 -171.473 333.626 167.416
23 2648 -171.143 323.269 167.416
23 2649 -170.168 313.199 167.416
23 2650 -168.783 303.426 167.416
23 2651 -167.304 292.611 167.416
23 2652 -166.023 280.734 167.416
23 2653 -164.42 268.926 167.416
23 2654 -162.313 257.37 167.416
23 2655 -160.429 246.617 167.416
23 2656 -159.746 235.763 167.416
23 2657 -159.478 225.182 167.416
23 2658 -158.941 214.229 167.416
23 2659 -158.58 202.545 167.416
23 2660 -158.295 190.832 167.416
23 2661 -158.02 178.702 167.416
23 2662 -157.714 166.976 167.416
23 2663 -156.293 156.08 167.416
23 2664 -153.54 145.84 167.416
23 2665 -149.859 135.948 167.416
23 2666 -146.2 126.248 167.416
23 2667 -142.774 116.057 167.416
23 2668 -138.955 106.364 167.416
23 2669 -135.002 95.9023 167.416
23 2670 -130.326 85.772 167.416
23 2671 -126.218 75.551 167.416
23 2672 -122.66 65.5987 167.416
23 2673 -119.254 55.9813 167.416
23 2674 -115.686 46.644 167.416
23 2675 -111.997 37.1613 167.416
23 2676 -108.256 27.4254 167.416
23 2677 -103.98 17.7164 167.416
23 2678 -98.9696 8.73543 167.416
23 2679 -92.9409 0.403204 167.416
23 2680 -85.9232 -6.20733 167.416
23 2681 -79.0167 -12.1088 167.416
23 2682 -72.6116 -18.1314 167.416
23 2683 -66.4696 -24.0451 167.416
23 2684 -59.9964 -29.9348 167.416
23 2685 -52.5568 -35.6176 167.416
23 2686 -44.4493 -41.0036 167.416
23 2687 -36.0449 -47.1375 167.416
23 2688 -27.6821 -53.4539 167.416
23 2689 -20.0456 -59.5704 167.416
23 2690 -12.3858 -65.3404 167.416
23 2691 -4.70086 -71.4867 167.416
23 2692 3.08842 -78.0121 167.416
23 2693 11.632 -84.5245 167.416
23 2694 20.4713 -89.8922 167.416
23 2695 30.1198 -93.6187 167.416
23 2696 39.7531 -96.0266 167.416
23 2697 49.1696 -97.7657 167.416
23 2698 58.4136 -99.6219 167.416
23 2699 67.4714 -101.27 167.416
23 2700 77.3676 -102.113 167.416
23 2701 88.1004 -102.617 167.416
23 2702 99.2555 -103.28 167.416
23 2703 110.312 -104.642 167.416
23 2704 121.103 -106.024 167.416
23 2705 131.62 -107.688 167.416
23 2706 141.54 -109.505 167.416
23 2707 151.295 -111.377 167.416
23 2708 161.513 -113.281 167.416
23 2709 172.567 -114.988 167.416
23 2710 183.748 -115.515 167.416
23 2711 195.62 -114.657 167.416
23 2712 206.713 -112.782 167.416
23 2713 217.045 -111.13 167.416
23 2714 226.421 -109.469 167.416
23 2715 235.397 -107.521 167.416
23 2716 244.846 -104.87 167.416
23 2717 255.671 -101.998 167.416
23 2718 266.902 -99.3139 167.416
23 2719 278.939 -97.3132 167.416
23 2720 290.327 -95.1742 167.416
23 2721 301.67 -93.2412 167.416
23 2722 311.183 -91.7045 167.416
23 2723 320.479 -90.5943 167.416
23 2724 330.333 -89.4565 167.416
23 2725 340.865 -87.5617 167.416
23 2726 351.316 -84.3112 167.416
23 2727 361.789 -79.8728 167.416
23 2728 371.297 -75.0356 167.416
23 2729 379.279 -70.4413 167.416
23 2730 385.633 -66.0868 167.416
24 2768 -153.842 396.413 173.911
24 2769 -154.968 387.886 173.911
24 2770 -156.18 378.417 173.911
24 2771 -157.315 368.502 173.911
24 2772 -158.422 358.189 173.911
24 2773 -159.579 348.367 173.911
24 2774 -160.519 339.134 173.911
24 2775 -160.893 330.139 173.911
24 2776 -160.429 321.122 173.911
24 2777 -159.405 311.879 173.911
24 2778 -158.411 302.382 173.911
24 2779 -157.434 292.421 173.911
24 2780 -156.265 282.278 173.911
24 2781 -154.968 272.332 173.911
24 2782 -153.839 262.616 173.911
24 2783 -153.21 252.934 173.911
24 2784 -153.216 243.637 173.911
24 2785 -153.614 234.145 173.911
24 2786 -154.109 224.61 173.911
24 2787 -154.506 214.844 173.911
24 2788 -154.831 205.326 173.911
24 2789 -155.139 195.533 173.911
24 2790 -155.142 186.014 173.911
24 2791 -154.771 177.124 173.911
24 2792 -153.302 168.884 173.911
24 2793 -151.366 160.669 173.911
24 2794 -149.08 152.225 173.911
24 2795 -146.47 143.284 173.911
24 2796 -143.927 134.317 173.911
24 2797 -140.809 125.443 173.911
24 2798 -137.266 116.489 173.911
24 2799 -134.288 107.878 173.911
24 2800 -131.928 99.5789 173.911
24 2801 -129.792 91.3938 173.911
24 2802 -127.916 83.0723 173.911
24 2803 -126.226 74.6816 173.911
24 2804 -124.462 66.1966 173.911
24 2805 -122.526 57.5391 173.911
24 2806 -120.126 48.8626 173.911
24 2807 -117.195 40.0983 173.911
24 2808 -113.287 32.0419 173.911
24 2809 -108.494 24.7719 173.911
24 2810 -103.31 18.5728 173.911
24 2811 -97.9611 12.5219 173.911
24 2812 -92.6859 6.76735 173.911
24 2813 -87.0382 0.96607 173.911
24 2814 -80.8403 -4.89182 173.911
24 2815 -74.0395 -11.0378 173.911
24 2816 -67.5369 -17.3245 173.911
24 2817 -61.4122 -23.5772 173.911
24 2818 -55.5501 -29.7952 173.911
24 2819 -50.0573 -36.1737 173.911
24 2820 -44.4211 -42.3651 173.911
24 2821 -38.8384 -48.7039 173.911
24 2822 -32.5821 -54.7345 173.911
24 2823 -25.2764 -60.6733 173.911
24 2824 -17.5627 -65.7495 173.911
24 2825 -9.52272 -69.7336 173.911
24 2826 -1.25105 -72.8148 173.911
24 2827 6.91026 -75.4804 173.911
24 2828 15.1829 -77.7719 173.911
24 2829 23.786 -79.9113 173.911
24 2830 32.9651 -82.1367 173.911
24 2831 42.3174 -84.4341 173.911
24 2832 51.0681 -86.9601 173.911
24 2833 59.744 -89.8784 173.911
24 2834 68.2579 -92.8366 173.911
24 2835 76.8721 -95.8937 173.911
24 2836 85.3677 -99.2488 173.911
24 2837 94.2541 -102.473 173.911
24 2838 103.816 -105.514 173.911
24 2839 114.037 -107.856 173.911
24 2840 123.874 -109.651 173.911
24 2841 133.131 -110.565 173.911
24 2842 142.081 -110.908 173.911
24 2843 150.824 -110.879 173.911
24 2844 159.94 -110.727 173.911
24 2845 169.241 -110.165 173.911
24 2846 179.228 -109.695 173.911
24 2847 189.718 -109.175 173.911
24 2848 199.768 -109.175 173.911
24 2849 209.617 -109.73 173.911
24 2850 219.116 -110.157 173.911
24 2851 228.333 -110.711 173.911
24 2852 237.626 -111.434 173.911
24 2853 246.811 -112.123 173.911
24 2854 256.889 -112.724 173.911
24 2855 267.358 -112.875 173.911
24 2856 277.164 -111.735 173.911
24 2857 286.025 -109.544 173.911
24 2858 294.479 -106.927 173.911
24 2859 302.627 -104.409 173.911
24 2860 310.085 -101.898 173.911
24 2861 317.625 -99.2629 173.911
24 2862 326.534 -96.1379 173.911
24 2863 335.695 -93.0935 173.911
24 2864 344.282 -91 173.911
24 2865 352.595 -89.4537 173.911
24 2866 360.914 -87.696 173.911
24 2867 368.875 -85.6515 173.911
24 2868 376.405 -83.6609 173.911
25 2897 -154.015 405.458 161.008
25 2898 -154.138 395.052 161.008
25 2899 -154.419 384.41 161.008
25 2900 -154.164 373.024 161.008
25 2901 -153.55 361.28 161.008
25 2902 -152.894 350.262 161.008
25 2903 -152.501 340.189 161.008
25 2904 -152.187 330.459 161.008
25 2905 -150.907 321.361 161.008
25 2906 -149.132 312.819 161.008
25 2907 -147.464 304.993 161.008
25 2908 -146.158 297.398 161.008
25 2909 -145.111 289.825 161.008
25 2910 -144.486 281.905 161.008
25 2911 -143.595 272.993 161.008
25 2912 -142.782 263.95 161.008
25 2913 -142.826 254.827 161.008
25 2914 -143.565 245.906 161.008
25 2915 -143.794 237.159 161.008
25 2916 -144.061 228.067 161.008
25 2917 -144.092 219.56 161.008
25 2918 -144.19 210.816 161.008
25 2919 -144.681 201.893 161.008
25 2920 -144.253 192.933 161.008
25 2921 -142.662 184.3 161.008
25 2922 -140.498 176.177 161.008
25 2923 -138.946 168.219 161.008
25 2924 -137.709 159.898 161.008
25 2925 -136.569 151.669 161.008
25 2926 -135.725 143.284 161.008
25 2927 -134.004 134.637 161.008
25 2928 -132.382 125.977 161.008
25 2929 -131.746 117.417 161.008
25 2930 -131.874 109.252 161.008
25 2931 -131.191 101.022 161.008
25 2932 -129.616 92.9914 161.008
25 2933 -127.565 84.6901 161.008
25 2934 -125.27 76.7545 161.008
25 2935 -123.02 68.1166 161.008
25 2936 -120.28 59.3764 161.008
25 2937 -116.766 51.4179 161.008
25 2938 -112.94 43.7043 161.008
25 2939 -109.063 36.3182 161.008
25 2940 -105.355 29.4037 161.008
25 2941 -101.618 22.6178 161.008
25 2942 -97.5663 15.5434 161.008
25 2943 -92.8151 8.77162 161.008
25 2944 -87.0796 2.02314 161.008
25 2945 -81.5184 -5.12237 161.008
25 2946 -76.8055 -12.4425 161.008
25 2947 -72.5934 -19.8561 161.008
25 2948 -67.9176 -26.5413 161.008
25 2949 -62.7703 -32.8197 161.008
25 2950 -56.846 -38.5206 161.008
25 2951 -50.2965 -44.4518 161.008
25 2952 -43.2534 -50.763 161.008
25 2953 -35.9845 -55.8951 161.008
25 2954 -27.9774 -59.4077 161.008
25 2955 -19.8016 -62.2635 161.008
25 2956 -11.6144 -65.0292 161.008
25 2957 -3.49281 -67.6817 161.008
25 2958 4.6878 -69.9811 161.008
25 2959 13.6583 -71.8858 161.008
25 2960 22.8899 -73.8445 161.008
25 2961 30.9125 -75.9632 161.008
25 2962 38.5261 -78.118 161.008
25 2963 46.2505 -80.0494 161.008
25 2964 53.7013 -81.6772 161.008
25 2965 61.2513 -83.675 161.008
25 2966 68.9342 -85.9539 161.008
25 2967 77.3834 -89.2118 161.008
25 2968 86.5205 -91.8522 161.008
25 2969 95.7114 -92.8689 161.008
25 2970 104.626 -92.9059 161.008
25 2971 113.299 -93.3799 161.008
25 2972 121.494 -93.8257 161.008
25 2973 130.172 -94.2789 161.008
25 2974 139.374 -94.1878 161.008
25 2975 149.345 -93.8257 161.008
25 2976 159.553 -93.2738 161.008
25 2977 169.478 -93.5808 161.008
25 2978 178.934 -94.7752 161.008
25 2979 187.827 -96.1259 161.008
25 2980 196.754 -97.0602 161.008
25 2981 205.796 -97.5178 161.008
25 2982 215.365 -97.5172 161.008
25 2983 225.572 -97.8887 161.008
25 2984 236.093 -98.1248 161.008
25 2985 246.757 -97.6197 161.008
25 2986 256.556 -95.9595 161.008
25 2987 265.194 -93.9947 161.008
25 2988 273.561 -92.2958 161.008
25 2989 281.807 -90.7274 161.008
25 2990 290.651 -89.5481 161.008
25 2991 300.551 -87.5847 161.008
25 2992 310.898 -85.0016 161.008
25 2993 320.008 -83.3077 161.008
25 2994 328.306 -82.4684 161.008
25 2995 335.723 -81.6468 161.008
25 2996 343.051 -80.3455 161.008
25 2997 350.19 -78.8194 161.008
25 2998 357.496 -77.0502 161.008
25 2999 365.895 -75.2007 161.008
25 3000 374.7 -72.9258 161.008
25 3001 383.573 -70.437 161.008
26 3019 -151.636 400.128 168.202
26 3020 -150.469 388.177 168.202
26 3021 -148.632 376.154 168.202
26 3022 -146.618 364.997 168.202
26 3023 -145.066 354.388 168.202
26 3024 -144.734 344.645 168.202
26 3025 -144.518 335.144 168.202
26 3026 -144.077 325.123 168.202
26 3027 -143.795 314.053 168.202
26 3028 -143.898 302.581 168.202
26 3029 -144.485 291.071 168.202
26 3030 -145.543 279.808 168.202
26 3031 -146.5 269.166 168.202
26 3032 -145.962 259.559 168.202
26 3033 -145.253 250.103 168.202
26 3034 -144.898 240.232 168.202
26 3035 -144.896 229.702 168.202
26 3036 -143.912 218.695 168.202
26 3037 -142.318 207.855 168.202
26 3038 -140.564 197.163 168.202
26 3039 -139.033 186.852 168.202
26 3040 -138.482 176.724 168.202
26 3041 -138.531 167.072 168.202
26 3042 -138.163 157.23 168.202
26 3043 -138.018 146.808 168.202
26 3044 -137.966 136.151 168.202
26 3045 -137.887 125.425 168.202
26 3046 -137.952 114.972 168.202
26 3047 -138.557 105.451 168.202
26 3048 -139.91 96.0211 168.202
26 3049 -140.797 87.1095 168.202
26 3050 -140.031 78.0221 168.202
26 3051 -138.055 68.6793 168.202
26 3052 -134.901 58.9411 168.202
26 3053 -130.954 50.1 168.202
26 3054 -126.447 41.4023 168.202
26 3055 -121.615 33.3159 168.202
26 3056 -115.755 23.7582 168.202
26 3057 -110.063 15.5232 168.202
26 3058 -104.706 7.25999 168.202
26 3059 -99.3355 -1.33509 168.202
26 3060 -94.5511 -10.4868 168.202
26 3061 -89.8031 -19.9887 168.202
26 3062 -84.4431 -29.1222 168.202
26 3063 -77.5237 -37.8868 168.202
26 3064 -69.091 -45.7725 168.202
26 3065 -60.1034 -52.3972 168.202
26 3066 -51.2358 -58.1398 168.202
26 3067 -42.2161 -63.7317 168.202
26 3068 -32.6877 -68.4484 168.202
26 3069 -22.8847 -72.2571 168.202
26 3070 -13.5455 -75.8121 168.202
26 3071 -4.05798 -79.789 168.202
26 3072 5.05112 -84.0123 168.202
26 3073 13.6232 -87.8754 168.202
26 3074 22.2974 -91.5328 168.202
26 3075 31.2494 -95.3944 168.202
26 3076 39.9567 -99.4858 168.202
26 3077 48.9578 -103.687 168.202
26 3078 58.2466 -107.48 168.202
26 3079 68.3561 -110.371 168.202
26 3080 78.7108 -112.338 168.202
26 3081 88.5063 -113.514 168.202
26 3082 97.6295 -114.314 168.202
26 3083 106.829 -114.904 168.202
26 3084 116.448 -115.079 168.202
26 3085 126.243 -114.753 168.202
26 3086 135.91 -114.383 168.202
26 3087 146.105 -114.076 168.202
26 3088 156.316 -114.434 168.202
26 3089 165.782 -115.358 168.202
26 3090 174.977 -116.177 168.202
26 3091 184.291 -117.091 168.202
26 3092 193.397 -118.32 168.202
26 3093 203.373 -119.687 168.202
26 3094 213.25 -120.815 168.202
26 3095 223.181 -121.723 168.202
26 3096 233.798 -122.005 168.202
26 3097 243.354 -121.541 168.202
26 3098 251.942 -121.183 168.202
26 3099 260.492 -120.87 168.202
26 3100 269.148 -120.24 168.202
26 3101 277.98 -118.869 168.202
26 3102 287.557 -117.082 168.202
26 3103 297.747 -115.013 168.202
26 3104 308.51 -113.588 168.202
26 3105 318.314 -112.69 168.202
26 3106 327.132 -111.341 168.202
26 3107 335.708 -110.004 168.202
26 3108 344.26 -108.774 168.202
26 3109 353.135 -107.711 168.202
26 3110 362.381 -106.548 168.202
26 3111 371.699 -104.83 168.202
26 3112 381.642 -102.321 168.202
