1 142 380.82 -152.982 171.987
1 143 368.735 -151.916 171.987
1 144 355.968 -150.285 171.987
1 145 343.028 -148.218 171.987
1 146 331.608 -146.659 171.987
1 147 321.1 -145.832 171.987
1 148 311.779 -146.01 171.987
1 149 301.267 -146.346 171.987
1 150 289.415 -146.511 171.987
1 151 276.667 -146.612 171.987
1 152 263.71 -146.959 171.987
1 153 251.411 -147.292 171.987
1 154 240.274 -145.975 171.987
1 155 230.393 -144.172 171.987
1 156 220.717 -141.524 171.987
1 157 210.362 -139.003 171.987
1 158 199.332 -136.18 171.987
1 159 187.861 -132.862 171.987
1 160 176.535 -129.001 171.987
1 161 166.011 -125.31 171.987
1 162 156.064 -122.511 171.987
1 163 145.897 -120.279 171.987
1 164 135.358 -118.352 171.987
1 165 124.539 -116.564 171.987
1 166 113.059 -114.645 171.987
1 167 101.059 -112.412 171.987
1 168 88.9694 -109.626 171.987
1 169 78.2695 -105.741 171.987
1 170 69.1424 -100.444 171.987
1 171 60.6219 -94.5825 171.987
1 172 51.9193 -89.4232 171.987
1 173 43.1428 -84.2128 171.987
1 174 34.1704 -78.6033 171.987
1 175 25.4448 -72.2728 171.987
1 176 16.8423 -65.5159 171.987
1 177 8.75388 -59.5714 171.987
1 178 0.91844 -54.297 171.987
1 179 -7.01956 -49.2153 171.987
1 180 -15.0303 -44.1635 171.987
1 181 -23.6875 -38.7194 171.987
1 182 -32.6798 -32.3758 171.987
1 183 -42.0618 -24.8928 171.987
1 184 -50.1521 -16.2387 171.987
1 185 -56.6013 -6.84803 171.987
1 186 -61.4362 2.37796 171.987
1 187 -65.3903 10.9171 171.987
1 188 -69.0336 19.2597 171.987
1 189 -72.2939 27.9039 171.987
1 190 -75.2653 37.45 171.987
1 191 -78.6102 47.9124 171.987
1 192 -83.046 58.4916 171.987
1 193 -87.4806 68.466 171.987
1 194 -91.554 77.8891 171.987
1 195 -95.0922 86.1826 171.987
1 196 -98.2022 94.6248 171.987
1 197 -101.775 104.224 171.987
1 198 -105.698 115.351 171.987
1 199 -109.124 126.936 171.987
2 242 376.363 -158.251 178.87
2 243 365.514 -158.699 178.87
2 244 355.33 -158.5 178.87
2 245 344.845 -157.518 178.87
2 246 333.577 -156.248 178.87
2 247 321.434 -154.851 178.87
2 248 308.888 -153.208 178.87
2 249 296.538 -151.327 178.87
2 250 284.98 -149.486 178.87
2 251 274.049 -148.093 178.87
2 252 263.079 -147.198 178.87
2 253 251.733 -146.908 178.87
2 254 240.149 -146.766 178.87
2 255 228.097 -146.654 178.87
2 256 215.675 -146.392 178.87
2 257 203.543 -145.937 178.87
2 258 191.85 -145.176 178.87
2 259 180.685 -144.037 178.87
2 260 169.82 -142.295 178.87
2 261 159.082 -139.937 178.87
2 262 148.017 -137.296 178.87
2 263 136.9 -134.475 178.87
2 264 125.737 -131.291 178.87
2 265 114.703 -127.641 178.87
2 266 104.193 -124.027 178.87
2 267 93.8309 -120.256 178.87
2 268 83.125 -116.959 178.87
2 269 73.0564 -114.121 178.87
2 270 62.8771 -111.288 178.87
2 271 53.0101 -108.478 178.87
2 272 42.9335 -105.074 178.87
2 273 33.1144 -101.257 178.87
2 274 23.9769 -96.5911 178.87
2 275 15.4324 -90.7625 178.87
2 276 7.55849 -84.5424 178.87
2 277 0.321856 -78.2411 178.87
2 278 -6.63699 -71.8606 178.87
2 279 -13.1005 -64.6959 178.87
2 280 -19.3292 -56.7672 178.87
2 281 -25.1978 -47.889 178.87
2 282 -30.8175 -39.0207 178.87
2 283 -36.7986 -30.0509 178.87
2 284 -42.524 -21.3006 178.87
2 285 -47.8689 -12.7002 178.87
2 286 -52.8863 -4.03346 178.87
2 287 -57.8011 4.86438 178.87
2 288 -62.8886 14.7167 178.87
2 289 -67.1722 24.6083 178.87
2 290 -70.969 35.4555 178.87
2 291 -73.7543 46.3784 178.87
2 292 -75.5661 56.8403 178.87
2 293 -76.8358 66.5187 178.87
2 294 -77.7269 76.0176 178.87
2 295 -78.5916 86.1722 178.87
2 296 -79.4311 97.2205 178.87
2 297 -80.5128 108.521 178.87
2 298 -81.9927 120.258 178.87
2 299 -83.9028 131.809 178.87
3 336 379.585 -155.244 162.985
3 337 364.66 -153.629 162.985
3 338 350.267 -152.481 162.985
3 339 337.52 -151.416 162.985
3 340 325.651 -150.065 162.985
3 341 313.727 -148.632 162.985
3 342 301.034 -146.989 162.985
3 343 287.531 -145.252 162.985
3 344 273.343 -143.671 162.985
3 345 259.236 -142.055 162.985
3 346 245.981 -140.025 162.985
3 347 233.158 -137.995 162.985
3 348 221.36 -134.886 162.985
3 349 209.095 -131.94 162.985
3 350 196.225 -129.019 162.985
3 351 183.774 -125.952 162.985
3 352 171.297 -122.227 162.985
3 353 159.319 -118.251 162.985
3 354 147.862 -114.135 162.985
3 355 136.277 -109.878 162.985
3 356 124.865 -105.766 162.985
3 357 113.217 -102.035 162.985
3 358 101.649 -98.4322 162.985
3 359 89.9092 -94.9974 162.985
3 360 79.0219 -91.6421 162.985
3 361 68.0394 -87.8358 162.985
3 362 57.4997 -82.7476 162.985
3 363 47.5271 -76.5668 162.985
3 364 37.6693 -70.036 162.985
3 365 28.4569 -63.4042 162.985
3 366 19.8594 -56.8948 162.985
3 367 11.6424 -50.2662 162.985
3 368 3.31057 -43.0301 162.985
3 369 -4.74308 -35.4117 162.985
3 370 -13.0989 -27.5826 162.985
3 371 -21.0674 -19.932 162.985
3 372 -29.0075 -12.3269 162.985
3 373 -36.8498 -4.73941 162.985
3 374 -44.3401 3.14833 162.985
3 375 -51.2703 11.7066 162.985
3 376 -58.0346 20.9771 162.985
3 377 -64.1182 31.2166 162.985
3 378 -69.5318 41.4938 162.985
3 379 -74.1009 51.469 162.985
3 380 -78.0561 61.1949 162.985
3 381 -81.2916 71.2401 162.985
3 382 -84.3737 81.6284 162.985
3 383 -87.2181 92.5907 162.985
3 384 -90.0593 104.704 162.985
3 385 -92.8191 116.323 162.985
3 386 -95.0882 127.173 162.985
3 387 -97.1636 137.149 162.985
4 422 367.424 -90.3685 182.164
4 423 354.133 -90.7071 182.164
4 424 339.441 -91.1099 182.164
4 425 324.578 -91.6899 182.164
4 426 310.867 -91.938 182.164
4 427 299.416 -91.2694 182.164
4 428 289.219 -89.2823 182.164
4 429 278.498 -86.9402 182.164
4 430 266.43 -84.8346 182.164
4 431 252.867 -83.1055 182.164
4 432 238.431 -81.3898 182.164
4 433 224.525 -80.2187 182.164
4 434 211.493 -78.7787 182.164
4 435 200 -77.6376 182.164
4 436 189.292 -76.9396 182.164
4 437 177.783 -76.8571 182.164
4 438 165.578 -77.1627 182.164
4 439 152.267 -77.637 182.164
4 440 139.007 -77.552 182.164
4 441 126.29 -76.7183 182.164
4 442 115.13 -74.5638 182.164
4 443 105.204 -70.6551 182.164
4 444 95.2898 -66.8394 182.164
4 445 84.8113 -63.3274 182.164
4 446 73.9342 -59.3991 182.164
4 447 62.7937 -55.4587 182.164
4 448 51.96 -50.8385 182.164
4 449 41.4655 -45.9721 182.164
4 450 31.5664 -41.3153 182.164
4 451 22.0401 -36.9152 182.164
4 452 12.229 -32.4735 182.164
4 453 2.2565 -28.4047 182.164
4 454 -7.69459 -23.6819 182.164
4 455 -18.0479 -19.0111 182.164
4 456 -27.9134 -12.9851 182.164
4 457 -36.3853 -5.74904 182.164
4 458 -43.2663 2.94296 182.164
4 459 -48.8937 11.6961 182.164
4 460 -53.7858 20.0195 182.164
4 461 -58.3858 28.2409 182.164
4 462 -62.234 36.9671 182.164
4 463 -65.6604 46.8467 182.164
4 464 -69.2109 57.3693 182.164
4 465 -72.9136 67.431 182.164
4 466 -76.8669 77.4456 182.164
4 467 -80.7903 87.3069 182.164
4 468 -84.5767 96.7262 182.164
4 469 -88.2635 106.506 182.164
4 470 -91.8617 116.779 182.164
4 471 -95.5944 127.907 182.164
5 509 387.698 -132.772 158.897
5 510 377.508 -133.017 158.897
5 511 367.681 -132.635 158.897
5 512 358.451 -131.19 158.897
5 513 348.675 -129.187 158.897
5 514 337.626 -127.196 158.897
5 515 325.741 -125.449 158.897
5 516 313.8 -123.544 158.897
5 517 302.56 -121.245 158.897
5 518 291.934 -119.083 158.897
5 519 281.933 -117.171 158.897
5 520 271.802 -115.851 158.897
5 521 260.716 -115.575 158.897
5 522 249.374 -115.258 158.897
5 523 237.597 -114.808 158.897
5 524 225.933 -114.561 158.897
5 525 214.883 -114.492 158.897
5 526 204.385 -114.028 158.897
5 527 194.321 -112.027 158.897
5 528 184.478 -108.852 158.897
5 529 174.149 -105.52 158.897
5 530 163.942 -102.364 158.897
5 531 153.388 -98.8378 158.897
5 532 143.614 -95.0621 158.897
5 533 134.213 -91.0102 158.897
5 534 124.519 -86.7824 158.897
5 535 114.189 -83.6982 158.897
5 536 103.355 -81.865 158.897
5 537 93.2768 -80.8287 158.897
5 538 83.0139 -79.8 158.897
5 539 72.9962 -78.5941 158.897
5 540 63.8288 -77.42 158.897
5 541 54.8385 -76.1221 158.897
5 542 46.1619 -72.4093 158.897
5 543 38.3521 -67.342 158.897
5 544 31.0738 -61.747 158.897
5 545 24.1961 -56.928 158.897
5 546 16.7431 -51.7427 158.897
5 547 9.50165 -45.815 158.897
5 548 2.54335 -38.8827 158.897
5 549 -3.5469 -31.2075 158.897
5 550 -10.1318 -23.7653 158.897
5 551 -16.5618 -17.1798 158.897
5 552 -23.2591 -11.3067 158.897
5 553 -29.5926 -5.11232 158.897
5 554 -35.9641 1.27829 158.897
5 555 -42.3471 7.89368 158.897
5 556 -48.5713 14.7053 158.897
5 557 -53.4983 22.3214 158.897
5 558 -57.2352 31.245 158.897
5 559 -60.2127 40.5878 158.897
5 560 -62.9527 48.8916 158.897
5 561 -65.3264 56.582 158.897
5 562 -66.9583 65.058 158.897
5 563 -68.6474 74.5918 158.897
5 564 -69.838 84.7753 158.897
5 565 -71.2267 95.6159 158.897
5 566 -73.862 107.008 158.897
5 567 -76.9849 118.139 158.897
5 568 -79.857 127.754 158.897
5 569 -82.5164 137.056 158.897
6 602 365.973 -151.515 183.057
6 603 352.998 -152.626 183.057
6 604 340.824 -153.401 183.057
6 605 329.269 -153.849 183.057
6 606 318.276 -153.486 183.057
6 607 307.843 -152.477 183.057
6 608 297.31 -151.014 183.057
6 609 285.898 -149.393 183.057
6 610 273.85 -147.73 183.057
6 611 261.803 -145.965 183.057
6 612 250.274 -143.921 183.057
6 613 238.927 -141.739 183.057
6 614 227.389 -140.758 183.057
6 615 215.562 -140.793 183.057
6 616 203.536 -140.643 183.057
6 617 190.91 -140.039 183.057
6 618 178.483 -139.472 183.057
6 619 166.598 -138.428 183.057
6 620 155.069 -137.245 183.057
6 621 143.168 -135.101 183.057
6 622 131.9 -131.571 183.057
6 623 121.059 -127.365 183.057
6 624 110.269 -123.14 183.057
6 625 99.852 -118.614 183.057
6 626 89.8987 -113.696 183.057
6 627 79.8288 -108.362 183.057
6 628 69.9328 -103.044 183.057
6 629 59.4467 -98.796 183.057
6 630 49.1021 -94.9438 183.057
6 631 38.8376 -90.9275 183.057
6 632 28.3301 -86.8092 183.057
6 633 17.7042 -81.6406 183.057
6 634 7.4793 -75.7415 183.057
6 635 -2.16217 -69.1277 183.057
6 636 -10.8613 -61.6131 183.057
6 637 -17.8773 -53.487 183.057
6 638 -24.6339 -45.5946 183.057
6 639 -30.522 -37.5619 183.057
6 640 -36.1795 -29.4199 183.057
6 641 -41.3359 -20.5914 183.057
6 642 -46.3214 -10.4177 183.057
6 643 -51.6798 -0.721344 183.057
6 644 -57.8347 7.9168 183.057
6 645 -63.8052 16.3108 183.057
6 646 -69.6256 24.819 183.057
6 647 -74.7875 33.4022 183.057
6 648 -80.108 43.2554 183.057
6 649 -85.1045 54.1364 183.057
6 650 -89.6598 65.2176 183.057
6 651 -92.61 76.4434 183.057
6 652 -94.1736 87.3805 183.057
6 653 -94.901 97.6725 183.057
6 654 -95.6132 107.595 183.057
6 655 -96.2864 117.724 183.057
6 656 -96.9821 128.804 183.057
7 696 374.17 -132.611 183.65
7 697 361.813 -130.463 183.65
7 698 348.992 -128.236 183.65
7 699 336.222 -125.608 183.65
7 700 323.837 -122.449 183.65
7 701 312.158 -119.305 183.65
7 702 301.396 -116.784 183.65
7 703 291.046 -115.171 183.65
7 704 279.684 -114.425 183.65
7 705 267.138 -113.899 183.65
7 706 254.036 -113.526 183.65
7 707 240.864 -113.318 183.65
7 708 227.421 -113.317 183.65
7 709 215.248 -112.743 183.65
7 710 203.6 -110.128 183.65
7 711 193.032 -106.496 183.65
7 712 182.281 -102.978 183.65
7 713 172.235 -100.008 183.65
7 714 160.958 -96.2391 183.65
7 715 150.064 -92.4023 183.65
7 716 139.321 -87.6486 183.65
7 717 128.816 -82.7125 183.65
7 718 118.865 -79.2623 183.65
7 719 108.243 -76.2078 183.65
7 720 96.941 -73.0459 183.65
7 721 86.219 -71.6686 183.65
7 722 74.494 -69.5396 183.65
7 723 62.2783 -67.1654 183.65
7 724 50.2302 -64.8041 183.65
7 725 38.8278 -61.4313 183.65
7 726 28.6459 -56.6885 183.65
7 727 20.0962 -52.0037 183.65
7 728 12.0246 -47.1627 183.65
7 729 3.69009 -41.7438 183.65
7 730 -4.14809 -35.6621 183.65
7 731 -12.1881 -28.4282 183.65
7 732 -19.7994 -19.6291 183.65
7 733 -28.1479 -11.191 183.65
7 734 -36.3848 -3.65097 183.65
7 735 -44.0676 2.68066 183.65
7 736 -51.0851 8.96901 183.65
7 737 -57.8923 15.5628 183.65
7 738 -64.8129 22.395 183.65
7 739 -71.9682 30.224 183.65
7 740 -79.0949 38.9316 183.65
7 741 -84.6296 48.3044 183.65
7 742 -88.5749 58.3887 183.65
7 743 -90.904 68.1498 183.65
7 744 -92.2349 77.2817 183.65
7 745 -93.4848 86.5746 183.65
7 746 -94.0774 95.7365 183.65
7 747 -94.4115 105.791 183.65
7 748 -94.884 116.728 183.65
7 749 -95.9601 128.168 183.65
8 791 371.753 -114.283 170.691
8 792 360.029 -112.237 170.691
8 793 349.147 -110.534 170.691
8 794 338.925 -110.302 170.691
8 795 327.876 -111.123 170.691
8 796 316.011 -112.138 170.691
8 797 303.479 -113.376 170.691
8 798 290.646 -114.793 170.691
8 799 278.843 -115.761 170.691
8 800 267.572 -115.909 170.691
8 801 256.859 -114.87 170.691
8 802 246.663 -112.541 170.691
8 803 236.572 -109.419 170.691
8 804 226.125 -106.487 170.691
8 805 214.716 -103.813 170.691
8 806 203.226 -101.294 170.691
8 807 191.911 -98.7862 170.691
8 808 181.01 -96.6071 170.691
8 809 170.397 -95.1775 170.691
8 810 159.862 -94.5813 170.691
8 811 148.781 -94.4493 170.691
8 812 137.306 -94.3708 170.691
8 813 125.419 -94.2132 170.691
8 814 113.732 -93.6326 170.691
8 815 102.801 -92.7181 170.691
8 816 92.2407 -90.0221 170.691
8 817 82.9976 -86.2414 170.691
8 818 74.0665 -81.7862 170.691
8 819 65.0532 -77.3465 170.691
8 820 55.6649 -73.2002 170.691
8 821 46.4304 -69.0247 170.691
8 822 37.4589 -64.1769 170.691
8 823 29.2192 -58.6851 170.691
8 824 22.6697 -52.7828 170.691
8 825 15.2785 -46.7589 170.691
8 826 7.84683 -41.5805 170.691
8 827 -0.305573 -37.0392 170.691
8 828 -8.46545 -32.6861 170.691
8 829 -16.7736 -28.0452 170.691
8 830 -24.9403 -23.3321 170.691
8 831 -32.5757 -17.3749 170.691
8 832 -39.5109 -9.84732 170.691
8 833 -44.4944 -1.12617 170.691
8 834 -48.1386 7.95939 170.691
8 835 -51.1287 16.8456 170.691
8 836 -53.8385 25.1737 170.691
8 837 -56.4043 33.6849 170.691
8 838 -58.822 41.8566 170.691
8 839 -60.8584 51.2007 170.691
8 840 -62.6481 61.2624 170.691
8 841 -65.2663 71.8698 170.691
8 842 -68.2975 81.9365 170.691
8 843 -71.2565 91.1535 170.691
8 844 -74.1687 99.6728 170.691
8 845 -76.8872 108.511 170.691
8 846 -79.6219 117.963 170.691
8 847 -81.4091 128.504 170.691
9 870 388.694 -118.883 163.048
9 871 377.315 -119.387 163.048
9 872 366.969 -119.634 163.048
9 873 356.831 -119.308 163.048
9 874 346.968 -118.141 163.048
9 875 337.07 -116.658 163.048
9 876 326.667 -115.347 163.048
9 877 315.607 -114.067 163.048
9 878 304.378 -112.415 163.048
9 879 293.365 -110.415 163.048
9 880 283.1 -108.546 163.048
9 881 272.528 -106.802 163.048
9 882 261.828 -105.571 163.048
9 883 251.317 -104.645 163.048
9 884 240.522 -103.664 163.048
9 885 228.933 -103.092 163.048
9 886 217.033 -102.889 163.048
9 887 205.938 -102.846 163.048
9 888 194.968 -102.417 163.048
9 889 184.684 -100.945 163.048
9 890 175.077 -98.971 163.048
9 891 165.712 -96.9929 163.048
9 892 155.32 -95.3946 163.048
9 893 144.984 -93.4689 163.048
9 894 134.471 -90.6583 163.048
9 895 124.436 -87.273 163.048
9 896 114.541 -83.7793 163.048
9 897 104.986 -80.6343 163.048
9 898 95.7885 -78.2892 163.048
9 899 86.915 -76.0273 163.048
9 900 77.6177 -73.6298 163.048
9 901 68.3476 -71.3951 163.048
9 902 58.8894 -69.1433 163.048
9 903 49.7138 -66.7805 163.048
9 904 40.7029 -63.9982 163.048
9 905 32.1619 -59.9078 163.048
9 906 24.3084 -55.1683 163.048
9 907 16.8674 -50.1797 163.048
9 908 9.86288 -45.0536 163.048
9 909 2.80286 -39.5036 163.048
9 910 -3.40816 -32.892 163.048
9 911 -9.31327 -25.6977 163.048
9 912 -15.1111 -18.2548 163.048
9 913 -20.6832 -10.5243 163.048
9 914 -26.2055 -2.971 163.048
9 915 -31.0875 4.26184 163.048
9 916 -35.7538 11.5729 163.048
9 917 -40.316 18.7086 163.048
9 918 -45.0479 26.0853 163.048
9 919 -49.9905 33.595 163.048
9 920 -54.9268 42.013 163.048
9 921 -59.1932 51.077 163.048
9 922 -62.0694 60.1611 163.048
9 923 -63.9384 69.0408 163.048
9 924 -65.6092 77.2658 163.048
9 925 -66.4046 85.487 163.048
9 926 -66.6165 94.1157 163.048
9 927 -66.2595 103.406 163.048
9 928 -65.6792 113.509 163.048
9 929 -65.367 123.836 163.048
9 930 -65.4869 134.087 163.048
10 971 382.391 -143.737 162.349
10 972 372.802 -143.247 162.349
10 973 363.613 -143.246 162.349
10 974 353.954 -143.435 162.349
10 975 343.09 -143.499 162.349
10 976 331.367 -143.436 162.349
10 977 320.005 -143.331 162.349
10 978 309.83 -143.059 162.349
10 979 300.509 -143.246 162.349
10 980 291.27 -143.47 162.349
10 981 281.399 -143.015 162.349
10 982 270.649 -142.29 162.349
10 983 259.383 -141.424 162.349
10 984 247.687 -140.756 162.349
10 985 236.415 -139.764 162.349
10 986 226.311 -138.817 162.349
10 987 216.208 -137.724 162.349
10 988 206.187 -136.69 162.349
10 989 196.06 -135.577 162.349
10 990 185.622 -134.808 162.349
10 991 175.088 -133.841 162.349
10 992 164.428 -133.135 162.349
10 993 154.47 -132.161 162.349
10 994 145.166 -131.052 162.349
10 995 135.987 -129.832 162.349
10 996 126.86 -127.774 162.349
10 997 117.478 -125.651 162.349
10 998 107.911 -123.031 162.349
10 999 98.2461 -120.102 162.349
10 1000 89.4699 -117.032 162.349
10 1001 80.9477 -113.559 162.349
10 1002 72.7386 -109.138 162.349
10 1003 64.5118 -104.683 162.349
10 1004 56.7404 -100.432 162.349
10 1005 48.9279 -96.502 162.349
10 1006 41.4652 -92.578 162.349
10 1007 33.6571 -88.5587 162.349
10 1008 25.5314 -83.9307 162.349
10 1009 17.7492 -77.9229 162.349
10 1010 9.80027 -71.6089 162.349
10 1011 2.08122 -64.215 162.349
10 1012 -4.46015 -56.573 162.349
10 1013 -10.4054 -49.1059 162.349
10 1014 -15.7887 -42.2419 162.349
10 1015 -20.8069 -35.638 162.349
10 1016 -25.7772 -28.8579 162.349
10 1017 -30.6389 -21.7369 162.349
10 1018 -35.481 -13.9926 162.349
10 1019 -40.3388 -5.28654 162.349
10 1020 -45.46 3.02167 162.349
10 1021 -50.251 10.4945 162.349
10 1022 -54.766 17.7115 162.349
10 1023 -58.8276 25.1287 162.349
10 1024 -62.9005 33.4445 162.349
10 1025 -67.0051 42.4138 162.349
10 1026 -71.3344 51.8063 162.349
10 1027 -75.766 61.8984 162.349
10 1028 -78.8886 71.8244 162.349
10 1029 -80.9352 80.8172 162.349
10 1030 -82.4015 88.905 162.349
10 1031 -83.9094 96.4466 162.349
10 1032 -85.9535 104.34 162.349
10 1033 -88.2407 113.33 162.349
10 1034 -90.591 123.497 162.349
10 1035 -93.108 133.912 162.349
11 1073 378.882 -147.987 176.755
11 1074 370.678 -147.664 176.755
11 1075 363.132 -148.135 176.755
11 1076 355.596 -149.125 176.755
11 1077 347.3 -150.518 176.755
11 1078 337.795 -152.147 176.755
11 1079 327.412 -153.817 176.755
11 1080 317.207 -155.306 176.755
11 1081 307.349 -156.603 176.755
11 1082 298.092 -156.585 176.755
11 1083 289.523 -156.342 176.755
11 1084 280.837 -155.455 176.755
11 1085 271.48 -153.883 176.755
11 1086 261.656 -152.778 176.755
11 1087 251.501 -151.613 176.755
11 1088 241.531 -150.158 176.755
11 1089 231.948 -148.728 176.755
11 1090 222.767 -147.386 176.755
11 1091 214.635 -146.478 176.755
11 1092 206.862 -146.311 176.755
11 1093 198.28 -146.102 176.755
11 1094 189.424 -146.169 176.755
11 1095 179.951 -145.642 176.755
11 1096 170.12 -144.086 176.755
11 1097 160.392 -142.239 176.755
11 1098 151.142 -139.969 176.755
11 1099 142.367 -137.634 176.755
11 1100 134.039 -134.62 176.755
11 1101 125.903 -131.358 176.755
11 1102 117.913 -127.507 176.755
11 1103 109.913 -123.663 176.755
11 1104 102.09 -119.152 176.755
11 1105 94.4949 -114.412 176.755
11 1106 87.1039 -109.163 176.755
11 1107 79.9374 -104.567 176.755
11 1108 72.3638 -100.607 176.755
11 1109 64.5651 -97.1638 176.755
11 1110 56.9145 -93.847 176.755
11 1111 49.4316 -90.3797 176.755
11 1112 42.484 -86.8612 176.755
11 1113 35.6407 -82.7944 176.755
11 1114 28.5784 -77.6441 176.755
11 1115 21.951 -71.8214 176.755
11 1116 15.8403 -65.408 176.755
11 1117 10.3205 -58.4616 176.755
11 1118 5.00975 -51.2908 176.755
11 1119 0.0795361 -44.1009 176.755
11 1120 -4.32398 -36.9004 176.755
11 1121 -9.45217 -29.2849 176.755
11 1122 -14.3657 -21.2932 176.755
11 1123 -18.9228 -12.5744 176.755
11 1124 -23.1302 -4.04242 176.755
11 1125 -28.1011 3.94496 176.755
11 1126 -32.8944 10.4361 176.755
11 1127 -37.4447 16.3945 176.755
11 1128 -41.5454 22.6186 176.755
11 1129 -45.4303 29.5631 176.755
11 1130 -48.8994 37.6855 176.755
11 1131 -51.9609 46.9372 176.755
11 1132 -54.4895 56.9672 176.755
11 1133 -56.4908 66.676 176.755
11 1134 -57.6071 76.1959 176.755
11 1135 -58.1314 85.262 176.755
11 1136 -58.0062 93.3912 176.755
11 1137 -57.2186 101.096 176.755
11 1138 -56.2479 108.921 176.755
11 1139 -54.9533 117.876 176.755
11 1140 -53.4109 127.387 176.755
12 1180 380.156 -131.408 172.234
12 1181 371.062 -131.417 172.234
12 1182 362.352 -132.356 172.234
12 1183 352.656 -133.139 172.234
12 1184 341.684 -133.966 172.234
12 1185 330.051 -135.215 172.234
12 1186 318.593 -136.375 172.234
12 1187 308.286 -136.543 172.234
12 1188 299.01 -135.661 172.234
12 1189 289.901 -134.018 172.234
12 1190 281.026 -131.662 172.234
12 1191 271.728 -129.364 172.234
12 1192 261.449 -127.081 172.234
12 1193 250.61 -124.685 172.234
12 1194 239.652 -121.798 172.234
12 1195 228.57 -118.558 172.234
12 1196 217.427 -116.088 172.234
12 1197 206.754 -115.383 172.234
12 1198 196.301 -115.01 172.234
12 1199 185.08 -115.012 172.234
12 1200 173.274 -115.016 172.234
12 1201 161.442 -115.153 172.234
12 1202 150.441 -114.617 172.234
12 1203 140.511 -113.096 172.234
12 1204 131.232 -109.762 172.234
12 1205 122.693 -105.776 172.234
12 1206 114.13 -101.752 172.234
12 1207 105.019 -97.6967 172.234
12 1208 95.3877 -93.18 172.234
12 1209 85.7566 -87.8985 172.234
12 1210 75.908 -81.5916 172.234
12 1211 66.1545 -75.7459 172.234
12 1212 56.2419 -71.1217 172.234
12 1213 46.9171 -67.8975 172.234
12 1214 37.7204 -64.3569 172.234
12 1215 28.1949 -60.648 172.234
12 1216 18.5265 -57.0199 172.234
12 1217 9.14706 -52.1695 172.234
12 1218 0.925825 -46.1082 172.234
12 1219 -5.50154 -38.7817 172.234
12 1220 -10.7135 -30.8463 172.234
12 1221 -15.0146 -23.2091 172.234
12 1222 -18.9932 -15.595 172.234
12 1223 -22.712 -7.43524 172.234
12 1224 -26.1084 1.54778 172.234
12 1225 -29.6054 11.584 172.234
12 1226 -33.7772 21.6824 172.234
12 1227 -38.5716 30.8375 172.234
12 1228 -43.5972 39.5484 172.234
12 1229 -48.4103 48.2269 172.234
12 1230 -53.5005 57.1143 172.234
12 1231 -58.71 66.1992 172.234
12 1232 -63.5964 76.1901 172.234
12 1233 -66.9878 86.0151 172.234
12 1234 -68.7257 96.5726 172.234
12 1235 -69.1836 106.864 172.234
12 1236 -69.0426 116.244 172.234
12 1237 -68.625 125.085 172.234
12 1238 -68.0565 134.176 172.234
13 1274 369.761 -127.045 188.12
13 1275 358.768 -127.921 188.12
13 1276 346.391 -129.058 188.12
13 1277 333.722 -130.451 188.12
13 1278 321.619 -131.951 188.12
13 1279 310.812 -132.995 188.12
13 1280 301.133 -133.331 188.12
13 1281 292.049 -132.149 188.12
13 1282 282.637 -130.402 188.12
13 1283 272.526 -128.23 188.12
13 1284 260.998 -126.671 188.12
13 1285 248.98 -124.803 188.12
13 1286 237.382 -122.594 188.12
13 1287 226.223 -120.871 188.12
13 1288 215.728 -119.363 188.12
13 1289 205.973 -118.41 188.12
13 1290 195.952 -117.69 188.12
13 1291 185.639 -117.563 188.12
13 1292 174.456 -117.47 188.12
13 1293 162.54 -117.508 188.12
13 1294 150.354 -117.528 188.12
13 1295 138.216 -117.26 188.12
13 1296 127.101 -116.587 188.12
13 1297 116.444 -114.581 188.12
13 1298 106.995 -111.132 188.12
13 1299 97.8966 -107.276 188.12
13 1300 88.7962 -103.011 188.12
13 1301 79.153 -99.0998 188.12
13 1302 68.9864 -94.5614 188.12
13 1303 59.1042 -89.7441 188.12
13 1304 49.0768 -85.1197 188.12
13 1305 39.8039 -80.4748 188.12
13 1306 30.5165 -75.6036 188.12
13 1307 21.6346 -70.8552 188.12
13 1308 12.3024 -65.8503 188.12
13 1309 2.71857 -60.944 188.12
13 1310 -6.51193 -56.3021 188.12
13 1311 -16.117 -50.9995 188.12
13 1312 -25.0129 -45.1818 188.12
13 1313 -32.4443 -39.337 188.12
13 1314 -39.0444 -32.527 188.12
13 1315 -44.1473 -24.9497 188.12
13 1316 -48.4576 -16.9796 188.12
13 1317 -52.5452 -9.35876 188.12
13 1318 -56.3466 -1.74575 188.12
13 1319 -60.0535 6.20794 188.12
13 1320 -63.1057 14.7867 188.12
13 1321 -66.3607 24.4868 188.12
13 1322 -69.4867 33.9073 188.12
13 1323 -73.1495 43.8083 188.12
13 1324 -77.3726 53.9809 188.12
13 1325 -81.4626 63.7282 188.12
13 1326 -85.3554 73.3333 188.12
13 1327 -89.1888 82.7205 188.12
13 1328 -92.825 92.3358 188.12
13 1329 -96.1792 102.657 188.12
13 1330 -98.9052 112.786 188.12
13 1331 -100.583 123.378 188.12
14 1375 375.355 -145.945 180.072
14 1376 363.985 -145.315 180.072
14 1377 353.234 -144.57 180.072
14 1378 343.344 -143.791 180.072
14 1379 333.814 -143.15 180.072
14 1380 324.918 -142.973 180.072
14 1381 316.001 -142.975 180.072
14 1382 306.482 -143.064 180.072
14 1383 295.995 -143.186 180.072
14 1384 284.979 -143.643 180.072
14 1385 273.905 -144.085 180.072
14 1386 263.556 -144.647 180.072
14 1387 253.957 -145.099 180.072
14 1388 244.649 -145.274 180.072
14 1389 235.653 -144.803 180.072
14 1390 226.414 -144.126 180.072
14 1391 216.328 -143.42 180.072
14 1392 206.143 -142.682 180.072
14 1393 195.473 -141.45 180.072
14 1394 184.971 -139.82 180.072
14 1395 174.892 -137.993 180.072
14 1396 165.194 -136.276 180.072
14 1397 155.869 -134.831 180.072
14 1398 146.33 -133.687 180.072
14 1399 137.165 -132.521 180.072
14 1400 127.608 -131 180.072
14 1401 117.654 -129.545 180.072
14 1402 107.462 -128.086 180.072
14 1403 97.3426 -126.718 180.072
14 1404 88.0302 -124.958 180.072
14 1405 78.6374 -122.442 180.072
14 1406 70.3553 -119.499 180.072
14 1407 62.3094 -116.199 180.072
14 1408 54.6101 -112.97 180.072
14 1409 46.4348 -109.504 180.072
14 1410 38.4177 -105.653 180.072
14 1411 30.2117 -101.021 180.072
14 1412 21.972 -95.8114 180.072
14 1413 14.2757 -90.5912 180.072
14 1414 6.8524 -85.5887 180.072
14 1415 -0.590576 -80.9757 180.072
14 1416 -7.66431 -76.2566 180.072
14 1417 -14.6706 -71.2634 180.072
14 1418 -22.151 -66.2051 180.072
14 1419 -29.5651 -60.6733 180.072
14 1420 -36.932 -54.7079 180.072
14 1421 -43.9555 -47.7801 180.072
14 1422 -50.1258 -40.91 180.072
14 1423 -55.4171 -33.7805 180.072
14 1424 -60.1117 -26.727 180.072
14 1425 -64.2671 -19.7649 180.072
14 1426 -68.2612 -12.6353 180.072
14 1427 -71.8695 -5.09419 180.072
14 1428 -75.2479 3.59756 180.072
14 1429 -78.6213 12.8744 180.072
14 1430 -81.8555 22.1292 180.072
14 1431 -85.3485 30.9565 180.072
14 1432 -88.3931 39.8427 180.072
14 1433 -91.8021 48.0168 180.072
14 1434 -94.8621 56.2056 180.072
14 1435 -97.7264 64.1258 180.072
14 1436 -100.899 72.263 180.072
14 1437 -104.076 81.2762 180.072
14 1438 -107.052 90.8426 180.072
14 1439 -109.749 100.786 180.072
14 1440 -111.622 110.712 180.072
14 1441 -112.971 120.111 180.072
14 1442 -113.81 128.82 180.072
15 1478 380.96 -135.685 168.081
15 1479 369.147 -136.483 168.081
15 1480 357.555 -137.285 168.081
15 1481 346.996 -137.789 168.081
15 1482 336.536 -137.721 168.081
15 1483 326.713 -137.021 168.081
15 1484 316.307 -135.877 168.081
15 1485 306.438 -134.71 168.081
15 1486 295.111 -132.944 168.081
15 1487 283.986 -130.907 168.081
15 1488 273.334 -128.665 168.081
15 1489 263.269 -126.286 168.081
15 1490 252.5 -123.314 168.081
15 1491 242.466 -122.39 168.081
15 1492 231.583 -121.187 168.081
15 1493 220.833 -120.498 168.081
15 1494 210.277 -120.378 168.081
15 1495 199.299 -120.513 168.081
15 1496 188.36 -120.505 168.081
15 1497 177.469 -119.935 168.081
15 1498 167.056 -118.308 168.081
15 1499 156.658 -115.74 168.081
15 1500 146.501 -112.909 168.081
15 1501 136.752 -110.073 168.081
15 1502 126.746 -107.379 168.081
15 1503 116.292 -104.461 168.081
15 1504 106.388 -100.929 168.081
15 1505 96.6991 -96.5409 168.081
15 1506 87.0234 -92.0484 168.081
15 1507 77.8964 -88.59 168.081
15 1508 68.4423 -85.8054 168.081
15 1509 59.1282 -83.0246 168.081
15 1510 49.6109 -80.1781 168.081
15 1511 39.7138 -76.8774 168.081
15 1512 30.0982 -73.4603 168.081
15 1513 20.7504 -69.6961 168.081
15 1514 11.995 -65.0672 168.081
15 1515 4.4189 -59.6563 168.081
15 1516 -2.45027 -54.1904 168.081
15 1517 -9.34946 -49.0035 168.081
15 1518 -15.8057 -43.9911 168.081
15 1519 -22.2282 -38.6065 168.081
15 1520 -28.356 -32.3504 168.081
15 1521 -34.1629 -25.2811 168.081
15 1522 -40.2857 -17.4185 168.081
15 1523 -45.7523 -10.0957 168.081
15 1524 -51.1094 -3.49056 168.081
15 1525 -55.9797 2.98635 168.081
15 1526 -60.7356 9.67909 168.081
15 1527 -65.5615 16.913 168.081
15 1528 -70.3568 24.0493 168.081
15 1529 -75.0463 32.6307 168.081
15 1530 -79.3267 41.6407 168.081
15 1531 -82.6012 50.4505 168.081
15 1532 -84.9741 58.8437 168.081
15 1533 -86.4036 66.9772 168.081
15 1534 -87.4765 75.254 168.081
15 1535 -87.7462 83.6809 168.081
15 1536 -87.3871 92.8661 168.081
15 1537 -86.672 102.471 168.081
15 1538 -86.1346 112.697 168.081
15 1539 -86.3936 122.508 168.081
15 1540 -86.7377 131.333 168.081
15 1541 -86.7796 139.517 168.081
16 1576 379.325 -134.449 175.418
16 1577 369.896 -133.752 175.418
16 1578 360.757 -132.19 175.418
16 1579 351.346 -129.918 175.418
16 1580 341.06 -127.527 175.418
16 1581 329.939 -125.265 175.418
16 1582 318.674 -122.921 175.418
16 1583 307.776 -120.392 175.418
16 1584 298.052 -118.019 175.418
16 1585 289.143 -115.671 175.418
16 1586 280.243 -114.539 175.418
16 1587 270.934 -114.09 175.418
16 1588 260.55 -114.178 175.418
16 1589 249.182 -114.238 175.418
16 1590 238.041 -114.359 175.418
16 1591 227.527 -114.238 175.418
16 1592 218.16 -113.468 175.418
16 1593 209.344 -111.669 175.418
16 1594 200.726 -108.604 175.418
16 1595 192.429 -105.218 175.418
16 1596 183.762 -102.117 175.418
16 1597 174.584 -99.1317 175.418
16 1598 164.965 -96.1666 175.418
16 1599 155.651 -92.8665 175.418
16 1600 146.258 -89.797 175.418
16 1601 136.796 -87.1997 175.418
16 1602 126.921 -85.2614 175.418
16 1603 116.754 -84.1339 175.418
16 1604 106.123 -83.0238 175.418
16 1605 94.8535 -82.0151 175.418
16 1606 83.9217 -80.625 175.418
16 1607 73.3131 -78.8324 175.418
16 1608 63.9482 -76.3681 175.418
16 1609 54.9035 -72.0648 175.418
16 1610 46.5992 -66.9531 175.418
16 1611 38.6936 -61.9068 175.418
16 1612 30.924 -57.119 175.418
16 1613 23.5049 -52.1766 175.418
16 1614 16.1463 -46.3114 175.418
16 1615 9.88184 -39.2502 175.418
16 1616 3.48136 -31.9782 175.418
16 1617 -2.47101 -24.5918 175.418
16 1618 -8.82514 -18.1845 175.418
16 1619 -15.4395 -12.1697 175.418
16 1620 -22.4006 -6.15059 175.418
16 1621 -29.3123 -0.269928 175.418
16 1622 -36.3278 5.8827 175.418
16 1623 -42.659 11.8882 175.418
16 1624 -48.5224 18.4364 175.418
16 1625 -53.4777 26.5305 175.418
16 1626 -57.3706 35.3781 175.418
16 1627 -60.8777 43.4518 175.418
16 1628 -64.1908 50.8369 175.418
16 1629 -66.7676 58.7759 175.418
16 1630 -68.7579 67.3608 175.418
16 1631 -70.0479 76.7714 175.418
16 1632 -71.2297 86.5715 175.418
16 1633 -73.2695 96.6281 175.418
16 1634 -75.8736 106.52 175.418
16 1635 -78.6631 115.586 175.418
16 1636 -81.0286 124.094 175.418
16 1637 -83.0591 132.468 175.418
17 1677 388.425 -136.507 159.988
17 1678 377.576 -135.401 159.988
17 1679 367.54 -133.839 159.988
17 1680 357.826 -131.982 159.988
17 1681 348.131 -130.562 159.988
17 1682 338.548 -129.977 159.988
17 1683 328.97 -130.191 159.988
17 1684 319.06 -130.41 159.988
17 1685 308.627 -130.542 159.988
17 1686 298.115 -130.961 159.988
17 1687 287.697 -131.511 159.988
17 1688 277.563 -131.832 159.988
17 1689 267.07 -132.5 159.988
17 1690 256.83 -132.785 159.988
17 1691 246.706 -132.396 159.988
17 1692 236.929 -131.361 159.988
17 1693 226.849 -130.593 159.988
17 1694 216.632 -129.205 159.988
17 1695 206.813 -127.482 159.988
17 1696 197.154 -125.618 159.988
17 1697 187.217 -123.715 159.988
17 1698 177.473 -122.413 159.988
17 1699 167.899 -121.871 159.988
17 1700 158.292 -121.616 159.988
17 1701 148.6 -121.301 159.988
17 1702 138.806 -121.21 159.988
17 1703 128.981 -120.986 159.988
17 1704 119.389 -120.396 159.988
17 1705 109.28 -119.805 159.988
17 1706 99.2524 -118.768 159.988
17 1707 89.9971 -117.5 159.988
17 1708 81.1475 -115.723 159.988
17 1709 72.9622 -114.105 159.988
17 1710 64.574 -112.073 159.988
17 1711 56.5554 -109.868 159.988
17 1712 48.7948 -107.041 159.988
17 1713 40.5544 -103.238 159.988
17 1714 32.2226 -99.3546 159.988
17 1715 23.9467 -96.0889 159.988
17 1716 15.833 -93.0957 159.988
17 1717 8.19473 -90.3237 159.988
17 1718 0.361858 -87.4744 159.988
17 1719 -7.55278 -84.2606 159.988
17 1720 -15.262 -80.2456 159.988
17 1721 -22.9935 -76.133 159.988
17 1722 -30.7465 -71.5925 159.988
17 1723 -37.9106 -66.2565 159.988
17 1724 -44.8034 -60.6314 159.988
17 1725 -51.0415 -55.0628 159.988
17 1726 -56.9866 -49.6013 159.988
17 1727 -62.3017 -43.6003 159.988
17 1728 -67.2054 -36.8584 159.988
17 1729 -71.8905 -29.5034 159.988
17 1730 -76.4443 -21.663 159.988
17 1731 -81.3714 -13.3166 159.988
17 1732 -86.8456 -4.88856 159.988
17 1733 -92.3414 3.15285 159.988
17 1734 -96.9979 10.8608 159.988
17 1735 -101.606 18.7844 159.988
17 1736 -106.171 26.7744 159.988
17 1737 -111.242 35.5822 159.988
17 1738 -116.331 45.0904 159.988
17 1739 -121.452 55.1311 159.988
17 1740 -124.976 64.6862 159.988
17 1741 -127.504 74.1723 159.988
17 1742 -129.304 82.9953 159.988
17 1743 -130.523 91.5755 159.988
17 1744 -131.35 100.495 159.988
17 1745 -131.792 110.317 159.988
17 1746 -131.752 120.973 159.988
17 1747 -131.98 132.368 159.988
18 1796 384.375 -143.318 164.756
18 1797 374.178 -143.661 164.756
18 1798 363.923 -144.578 164.756
18 1799 354.171 -145.812 164.756
18 1800 345.256 -147.063 164.756
18 1801 337.055 -147.752 164.756
18 1802 329.242 -147.401 164.756
18 1803 320.986 -146.229 164.756
18 1804 311.866 -144.494 164.756
18 1805 301.96 -142.296 164.756
18 1806 292.019 -139.887 164.756
18 1807 282.47 -137.842 164.756
18 1808 273.466 -136.371 164.756
18 1809 264.744 -135.163 164.756
18 1810 255.88 -134.675 164.756
18 1811 246.833 -134.573 164.756
18 1812 237.883 -134.714 164.756
18 1813 228.435 -135.084 164.756
18 1814 218.973 -135.767 164.756
18 1815 209.258 -136.625 164.756
18 1816 199.898 -137.454 164.756
18 1817 191.059 -137.253 164.756
18 1818 183.092 -135.756 164.756
18 1819 175.323 -133.323 164.756
18 1820 167.003 -130.726 164.756
18 1821 158.553 -127.893 164.756
18 1822 150.032 -124.869 164.756
18 1823 141.541 -121.918 164.756
18 1824 133.538 -119.246 164.756
18 1825 125.675 -116.886 164.756
18 1826 117.646 -115.133 164.756
18 1827 109.321 -114.193 164.756
18 1828 101.006 -113.249 164.756
18 1829 92.7014 -112.436 164.756
18 1830 84.1023 -112.168 164.756
18 1831 75.0402 -112.354 164.756
18 1832 65.7353 -112.024 164.756
18 1833 57.0745 -110.663 164.756
18 1834 49.3943 -107.485 164.756
18 1835 42.7124 -103.61 164.756
18 1836 36.3053 -99.4527 164.756
18 1837 30.1008 -95.0415 164.756
18 1838 24.2026 -90.2214 164.756
18 1839 18.6692 -85.195 164.756
18 1840 12.8509 -79.3773 164.756
18 1841 7.17285 -74.1779 164.756
18 1842 1.46398 -69.6441 164.756
18 1843 -4.2713 -65.565 164.756
18 1844 -10.3305 -61.472 164.756
18 1845 -16.2476 -57.4017 164.756
18 1846 -22.9415 -53.3213 164.756
18 1847 -30.0329 -48.9353 164.756
18 1848 -38.1068 -44.475 164.756
18 1849 -45.6656 -39.3184 164.756
18 1850 -51.7047 -33.5422 164.756
18 1851 -55.3095 -26.6231 164.756
18 1852 -57.9803 -19.5751 164.756
18 1853 -60.1818 -12.4378 164.756
18 1854 -61.8361 -5.152 164.756
18 1855 -63.3413 2.31116 164.756
18 1856 -64.9887 10.414 164.756
18 1857 -66.9688 18.9629 164.756
18 1858 -69.6685 26.5135 164.756
18 1859 -72.694 33.8439 164.756
18 1860 -75.6529 40.3497 164.756
18 1861 -78.5583 47.1304 164.756
18 1862 -81.4108 53.9407 164.756
18 1863 -84.8219 60.4213 164.756
18 1864 -88.7784 67.0454 164.756
18 1865 -92.6474 74.8809 164.756
18 1866 -95.8157 83.1914 164.756
18 1867 -97.5304 92.507 164.756
18 1868 -97.9304 101.075 164.756
18 1869 -97.7298 109.44 164.756
18 1870 -96.7617 117.153 164.756
18 1871 -95.6672 124.883 164.756
18 1872 -94.4243 132.731 164.756
19 1904 374.968 -117.041 177.784
19 1905 367.782 -114.529 177.784
19 1906 359.046 -111.996 177.784
19 1907 349.02 -109.641 177.784
19 1908 338.165 -107.454 177.784
19 1909 327.442 -105.022 177.784
19 1910 317.383 -101.754 177.784
19 1911 308.021 -98.0842 177.784
19 1912 298.748 -95.0163 177.784
19 1913 290.824 -93.8243 177.784
19 1914 281.525 -93.5984 177.784
19 1915 272.256 -94.3827 177.784
19 1916 263.229 -95.4744 177.784
19 1917 252.003 -95.443 177.784
19 1918 240.628 -95.2182 177.784
19 1919 229.827 -95.076 177.784
19 1920 220.028 -93.7652 177.784
19 1921 211.904 -91.6319 177.784
19 1922 203.744 -88.0202 177.784
19 1923 194.906 -84.4339 177.784
19 1924 185.316 -81.1005 177.784
19 1925 174.915 -77.8054 177.784
19 1926 163.873 -73.9475 177.784
19 1927 153.71 -69.8926 177.784
19 1928 144.013 -65.198 177.784
19 1929 135.019 -61.4694 177.784
19 1930 126.382 -59.4788 177.784
19 1931 118.079 -59.4487 177.784
19 1932 109.743 -60.2521 177.784
19 1933 100.6 -60.3094 177.784
19 1934 90.7513 -59.7584 177.784
19 1935 80.2058 -58.8632 177.784
19 1936 70.3444 -57.9606 177.784
19 1937 60.5273 -56.7267 177.784
19 1938 52.1989 -53.6409 177.784
19 1939 44.2676 -49.4561 177.784
19 1940 37.4051 -45.0108 177.784
19 1941 30.1628 -40.7872 177.784
19 1942 23.0486 -35.8746 177.784
19 1943 16.5777 -29.5977 177.784
19 1944 11.4792 -22.2704 177.784
19 1945 5.60369 -16.2755 177.784
19 1946 -0.352467 -12.2181 177.784
19 1947 -6.13561 -9.62607 177.784
19 1948 -11.2649 -6.3106 177.784
19 1949 -16.6448 -1.56058 177.784
19 1950 -22.9629 4.89367 177.784
19 1951 -30.688 12.1803 177.784
19 1952 -38.9388 19.3617 177.784
19 1953 -45.7495 26.9451 177.784
19 1954 -50.4029 35.6361 177.784
19 1955 -52.7197 45.2255 177.784
19 1956 -53.4253 54.8763 177.784
19 1957 -53.3816 63.6862 177.784
19 1958 -53.0042 71.8114 177.784
19 1959 -52.6169 80.037 177.784
19 1960 -51.8319 88.7915 177.784
19 1961 -50.8406 98.2466 177.784
19 1962 -49.7878 107.729 177.784
19 1963 -50.031 117.229 177.784
19 1964 -51.3603 126.632 177.784
20 1997 367.71 -125.272 182.938
20 1998 358.113 -125.084 182.938
20 1999 347.346 -125.619 182.938
20 2000 335.226 -126.446 182.938
20 2001 322.375 -127.346 182.938
20 2002 309.694 -128.376 182.938
20 2003 297.814 -129.161 182.938
20 2004 287.009 -129.249 182.938
20 2005 276.717 -128.37 182.938
20 2006 266.277 -126.636 182.938
20 2007 255.087 -124.415 182.938
20 2008 243.156 -122.055 182.938
20 2009 230.46 -119.529 182.938
20 2010 217.628 -116.491 182.938
20 2011 205.313 -112.9 182.938
20 2012 193.631 -109.257 182.938
20 2013 182.668 -106.429 182.938
20 2014 172.217 -104.096 182.938
20 2015 161.768 -102.24 182.938
20 2016 150.549 -100.937 182.938
20 2017 138.73 -99.7885 182.938
20 2018 126.223 -99.0231 182.938
20 2019 113.832 -97.6234 182.938
20 2020 101.997 -95.6981 182.938
20 2021 91.009 -92.5307 182.938
20 2022 80.458 -87.5979 182.938
20 2023 70.7145 -81.5694 182.938
20 2024 61.2212 -75.9639 182.938
20 2025 51.7091 -69.8726 182.938
20 2026 42.1756 -64.1462 182.938
20 2027 33.1139 -57.315 182.938
20 2028 24.6987 -49.5762 182.938
20 2029 17.2577 -41.1463 182.938
20 2030 10.1775 -33.1931 182.938
20 2031 2.49841 -26.1898 182.938
20 2032 -4.97372 -19.8012 182.938
20 2033 -12.8689 -14.0938 182.938
20 2034 -20.7823 -8.08054 182.938
20 2035 -28.94 -0.75552 182.938
20 2036 -36.2461 7.46315 182.938
20 2037 -43.1975 16.7476 182.938
20 2038 -48.9873 26.8458 182.938
20 2039 -53.4849 37.5793 182.938
20 2040 -56.8898 47.8057 182.938
20 2041 -59.6098 57.0779 182.938
20 2042 -61.8311 66.1805 182.938
20 2043 -63.6209 76.0937 182.938
20 2044 -65.0102 87.1612 182.938
20 2045 -66.0741 99.0375 182.938
20 2046 -66.6919 111.164 182.938
20 2047 -67.7058 123.481 182.938
21 2091 370.402 -136.796 173.033
21 2092 358.404 -137.962 173.033
21 2093 346.949 -139.302 173.033
21 2094 336.211 -140.37 173.033
21 2095 326.188 -140.81 173.033
21 2096 316.611 -140.312 173.033
21 2097 306.666 -139.418 173.033
21 2098 295.933 -138.437 173.033
21 2099 284.681 -137.459 173.033
21 2100 273.333 -136.199 173.033
21 2101 262.006 -134.444 173.033
21 2102 251.236 -132.382 173.033
21 2103 240.945 -130.24 173.033
21 2104 230.802 -128.857 173.033
21 2105 220.779 -128.639 173.033
21 2106 209.877 -128.95 173.033
21 2107 198.68 -129.655 173.033
21 2108 187.418 -130.359 173.033
21 2109 176.366 -131.087 173.033
21 2110 165.5 -131.841 173.033
21 2111 155.07 -132.108 173.033
21 2112 144.887 -131.556 173.033
21 2113 134.958 -130.501 173.033
21 2114 125.215 -128.639 173.033
21 2115 115.362 -126.732 173.033
21 2116 105.298 -124.606 173.033
21 2117 95.4801 -121.887 173.033
21 2118 85.5601 -118.627 173.033
21 2119 76.175 -114.401 173.033
21 2120 66.8494 -110.07 173.033
21 2121 57.9819 -106.605 173.033
21 2122 49.0125 -103.691 173.033
21 2123 39.9408 -101.098 173.033
21 2124 30.7499 -98.7706 173.033
21 2125 21.1525 -95.8497 173.033
21 2126 11.6384 -92.6819 173.033
21 2127 2.1614 -88.9245 173.033
21 2128 -6.88055 -84.5335 173.033
21 2129 -15.256 -79.2241 173.033
21 2130 -22.3135 -72.9492 173.033
21 2131 -28.326 -66.5861 173.033
21 2132 -34.236 -60.4787 173.033
21 2133 -39.7551 -53.8836 173.033
21 2134 -44.7456 -46.3613 173.033
21 2135 -49.4387 -37.6507 173.033
21 2136 -53.687 -27.8008 173.033
21 2137 -57.2086 -17.7195 173.033
21 2138 -60.9039 -8.63904 173.033
21 2139 -64.6681 -0.293956 173.033
21 2140 -68.5465 7.71169 173.033
21 2141 -72.2704 15.5808 173.033
21 2142 -76.3151 23.2588 173.033
21 2143 -80.7179 31.4469 173.033
21 2144 -85.1064 40.3778 173.033
21 2145 -89.5178 49.9317 173.033
21 2146 -93.0121 59.771 173.033
21 2147 -95.0736 69.9045 173.033
21 2148 -96.1949 78.9328 173.033
21 2149 -96.8645 87.8314 173.033
21 2150 -97.2573 96.4955 173.033
21 2151 -97.2114 105.882 173.033
21 2152 -96.4351 116.144 173.033
21 2153 -95.3708 127.302 173.033
22 2195 379.648 -147.627 160.052
22 2196 368.245 -148.849 160.052
22 2197 358.733 -149.727 160.052
22 2198 350.166 -148.726 160.052
22 2199 341.404 -147.427 160.052
22 2200 331.798 -146.133 160.052
22 2201 321.101 -144.892 160.052
22 2202 309.536 -143.519 160.052
22 2203 297.9 -141.803 160.052
22 2204 287.421 -139.997 160.052
22 2205 278.23 -139.054 160.052
22 2206 269.276 -139.28 160.052
22 2207 260.293 -140.005 160.052
22 2208 250.664 -140.984 160.052
22 2209 240.376 -141.853 160.052
22 2210 229.195 -142.857 160.052
22 2211 217.956 -144.3 160.052
22 2212 206.539 -145.593 160.052
22 2213 196.15 -146.343 160.052
22 2214 186.872 -145.527 160.052
22 2215 177.846 -144.043 160.052
22 2216 168.778 -142.304 160.052
22 2217 159.053 -140.404 160.052
22 2218 148.599 -138.283 160.052
22 2219 138.416 -135.828 160.052
22 2220 128.188 -133.068 160.052
22 2221 118.87 -130.546 160.052
22 2222 110.357 -129.318 160.052
22 2223 102.289 -128.856 160.052
22 2224 93.9274 -128.496 160.052
22 2225 85.0451 -128.279 160.052
22 2226 75.7254 -128.125 160.052
22 2227 65.9679 -127.896 160.052
22 2228 56.3497 -127.413 160.052
22 2229 47.2487 -126.109 160.052
22 2230 39.281 -123.716 160.052
22 2231 31.6752 -119.723 160.052
22 2232 24.3914 -115.315 160.052
22 2233 17.0696 -111.194 160.052
22 2234 9.55952 -106.452 160.052
22 2235 2.43162 -101.254 160.052
22 2236 -4.45225 -95.0041 160.052
22 2237 -10.8703 -88.5746 160.052
22 2238 -16.7172 -83.2474 160.052
22 2239 -22.8557 -78.6047 160.052
22 2240 -28.6665 -73.7712 160.052
22 2241 -34.703 -68.3489 160.052
22 2242 -40.6228 -62.2789 160.052
22 2243 -46.8558 -55.6276 160.052
22 2244 -53.0837 -48.7704 160.052
22 2245 -58.8691 -41.2096 160.052
22 2246 -63.4535 -33.4707 160.052
22 2247 -66.345 -24.6904 160.052
22 2248 -68.081 -15.9843 160.052
22 2249 -69.4184 -7.53748 160.052
22 2250 -70.6201 0.63684 160.052
22 2251 -71.4745 9.22124 160.052
22 2252 -71.9739 18.7589 160.052
22 2253 -72.4905 28.6807 160.052
22 2254 -73.8126 38.0149 160.052
22 2255 -76.4322 46.7843 160.052
22 2256 -78.7824 54.9479 160.052
22 2257 -81.0324 62.6551 160.052
22 2258 -83.4048 70.5455 160.052
22 2259 -85.8507 78.9055 160.052
22 2260 -88.7155 87.4487 160.052
22 2261 -91.458 97.006 160.052
22 2262 -93.5034 107.183 160.052
22 2263 -93.9775 117.324 160.052
22 2264 -93.4292 127.416 160.052
22 2265 -92.4779 136.836 160.052
23 2310 381.098 -146.395 162.667
23 2311 370.465 -145.616 162.667
23 2312 360.324 -144.764 162.667
23 2313 349.914 -143.679 162.667
23 2314 339.399 -142.305 162.667
23 2315 329.604 -140.868 162.667
23 2316 320.488 -139.572 162.667
23 2317 311.871 -138.667 162.667
23 2318 302.888 -138.215 162.667
23 2319 293.364 -137.939 162.667
23 2320 283.219 -137.864 162.667
23 2321 272.58 -137.876 162.667
23 2322 261.851 -137.873 162.667
23 2323 251.855 -137.649 162.667
23 2324 242.435 -137.183 162.667
23 2325 233.368 -136.232 162.667
23 2326 224.085 -134.87 162.667
23 2327 214.402 -133.448 162.667
23 2328 204.514 -131.901 162.667
23 2329 194.516 -130.105 162.667
23 2330 184.613 -127.82 162.667
23 2331 175.227 -125.89 162.667
23 2332 166.023 -124.312 162.667
23 2333 157.145 -123.011 162.667
23 2334 147.957 -121.787 162.667
23 2335 138.257 -120.779 162.667
23 2336 128.676 -119.705 162.667
23 2337 118.893 -118.566 162.667
23 2338 109.111 -116.88 162.667
23 2339 99.959 -115.16 162.667
23 2340 91.0132 -112.833 162.667
23 2341 82.2422 -109.844 162.667
23 2342 73.6379 -106.956 162.667
23 2343 65.0253 -104.021 162.667
23 2344 56.7258 -100.329 162.667
23 2345 48.5209 -96.3524 162.667
23 2346 40.6626 -92.3453 162.667
23 2347 33.0781 -88.0516 162.667
23 2348 24.997 -83.8842 162.667
23 2349 17.3097 -79.7963 162.667
23 2350 9.70567 -76.0296 162.667
23 2351 2.22475 -72.316 162.667
23 2352 -5.29784 -68.1056 162.667
23 2353 -13.5727 -63.0748 162.667
23 2354 -21.3175 -56.8807 162.667
23 2355 -28.1477 -49.6586 162.667
23 2356 -34.569 -42.1448 162.667
23 2357 -40.1268 -34.8362 162.667
23 2358 -45.0251 -27.6929 162.667
23 2359 -49.3995 -20.8835 162.667
23 2360 -53.6812 -14.3424 162.667
23 2361 -57.4681 -7.39982 162.667
23 2362 -61.1293 0.0400825 162.667
23 2363 -64.6284 8.20012 162.667
23 2364 -68.3811 16.494 162.667
23 2365 -72.2563 24.1049 162.667
23 2366 -75.816 31.6521 162.667
23 2367 -78.9149 38.6893 162.667
23 2368 -81.8472 46.0819 162.667
23 2369 -84.6602 54.0861 162.667
23 2370 -87.2857 62.7106 162.667
23 2371 -89.7112 71.5813 162.667
23 2372 -91.9082 81.1248 162.667
23 2373 -93.4167 90.2133 162.667
23 2374 -94.5716 98.6731 162.667
23 2375 -95.1788 106.893 162.667
23 2376 -95.9223 115.162 162.667
23 2377 -96.1962 124.084 162.667
23 2378 -96.6115 133.683 162.667
24 2417 374.514 -157.363 177.603
24 2418 363.145 -155.577 177.603
24 2419 351.722 -153.743 177.603
24 2420 341.355 -152.423 177.603
24 2421 332.109 -151.919 177.603
24 2422 323.297 -152.246 177.603
24 2423 314.321 -153.048 177.603
24 2424 304.47 -153.87 177.603
24 2425 293.539 -154.772 177.603
24 2426 281.809 -155.947 177.603
24 2427 269.889 -157.134 177.603
24 2428 258.906 -157.878 177.603
24 2429 248.614 -158.345 177.603
24 2430 238.921 -157.889 177.603
24 2431 229.232 -157.07 177.603
24 2432 219.463 -155.841 177.603
24 2433 209.186 -154.648 177.603
24 2434 198.617 -153.274 177.603
24 2435 188.164 -151.885 177.603
24 2436 177.941 -150.662 177.603
24 2437 168.417 -149.347 177.603
24 2438 159.699 -148.432 177.603
24 2439 151.253 -148.278 177.603
24 2440 142.182 -148.127 177.603
24 2441 132.6 -148.121 177.603
24 2442 122.438 -147.662 177.603
24 2443 112.092 -146.738 177.603
24 2444 101.741 -145.544 177.603
24 2445 91.6446 -143.986 177.603
24 2446 81.8461 -141.558 177.603
24 2447 73.1063 -138.424 177.603
24 2448 64.7199 -134.323 177.603
24 2449 56.8479 -130.185 177.603
24 2450 49.1642 -125.624 177.603
24 2451 42.1575 -121.421 177.603
24 2452 34.9949 -116.608 177.603
24 2453 27.9019 -111.806 177.603
24 2454 20.3864 -106.724 177.603
24 2455 13.3371 -102.117 177.603
24 2456 6.24781 -97.712 177.603
24 2457 -0.957277 -93.5228 177.603
24 2458 -8.43458 -89.2425 177.603
24 2459 -15.5171 -84.8427 177.603
24 2460 -22.7979 -79.9829 177.603
24 2461 -29.7376 -74.9334 177.603
24 2462 -36.4568 -68.5227 177.603
24 2463 -42.5508 -61.4507 177.603
24 2464 -47.3515 -53.9241 177.603
24 2465 -50.8232 -45.9227 177.603
24 2466 -53.6267 -37.957 177.603
24 2467 -55.6282 -30.1046 177.603
24 2468 -57.4777 -22.0527 177.603
24 2469 -58.7095 -13.4305 177.603
24 2470 -59.5938 -4.00275 177.603
24 2471 -60.9093 6.51326 177.603
24 2472 -62.935 17.6926 177.603
24 2473 -65.4939 28.3773 177.603
24 2474 -68.3934 38.0237 177.603
24 2475 -70.6038 46.4784 177.603
24 2476 -72.6257 54.1577 177.603
24 2477 -74.4234 61.3179 177.603
24 2478 -76.345 68.959 177.603
24 2479 -78.2566 77.2061 177.603
24 2480 -79.6349 86.4793 177.603
24 2481 -80.35 95.7002 177.603
24 2482 -80.0088 104.905 177.603
24 2483 -79.218 113.307 177.603
24 2484 -77.9265 121.067 177.603
24 2485 -76.4219 128.699 177.603
25 2532 368.047 -149.348 186.833
25 2533 355.81 -148.355 186.833
25 2534 344.909 -146.817 186.833
25 2535 335.439 -145.733 186.833
25 2536 327.096 -145.315 186.833
25 2537 318.694 -145.448 186.833
25 2538 309.308 -145.987 186.833
25 2539 298.948 -147.001 186.833
25 2540 287.689 -148.318 186.833
25 2541 276.129 -149.846 186.833
25 2542 264.974 -151.494 186.833
25 2543 254.822 -152.707 186.833
25 2544 245.386 -153.01 186.833
25 2545 236.48 -152.517 186.833
25 2546 227.211 -151.798 186.833
25 2547 217.183 -150.789 186.833
25 2548 206.113 -149.739 186.833
25 2549 195.171 -148.399 186.833
25 2550 183.919 -146.669 186.833
25 2551 173.402 -144.976 186.833
25 2552 164.097 -144.012 186.833
25 2553 155.557 -143.75 186.833
25 2554 147.119 -144.009 186.833
25 2555 138.326 -144.123 186.833
25 2556 128.66 -144.52 186.833
25 2557 118.15 -145.015 186.833
25 2558 107.2 -145.838 186.833
25 2559 96.2195 -146.372 186.833
25 2560 86.5359 -145.885 186.833
25 2561 78.0282 -144.217 186.833
25 2562 69.9802 -141.748 186.833
25 2563 61.8176 -138.455 186.833
25 2564 53.4009 -135.05 186.833
25 2565 44.502 -130.932 186.833
25 2566 35.548 -125.918 186.833
25 2567 26.597 -120.106 186.833
25 2568 18.5254 -114.638 186.833
25 2569 10.8321 -110.192 186.833
25 2570 3.54761 -106.395 186.833
25 2571 -3.64411 -102.841 186.833
25 2572 -11.3962 -99.0704 186.833
25 2573 -19.7328 -95.3027 186.833
25 2574 -28.5638 -91.2304 186.833
25 2575 -37.3892 -86.5506 186.833
25 2576 -45.9539 -81.1472 186.833
25 2577 -52.7169 -75.2982 186.833
25 2578 -58.3422 -68.3551 186.833
25 2579 -62.8407 -61.452 186.833
25 2580 -66.9869 -54.2233 186.833
25 2581 -70.6831 -46.6289 186.833
25 2582 -74.1623 -38.291 186.833
25 2583 -77.2799 -28.9143 186.833
25 2584 -79.9992 -19.2241 186.833
25 2585 -82.9798 -10.2209 186.833
25 2586 -86.704 -1.92976 186.833
25 2587 -90.4572 6.27471 186.833
25 2588 -93.9745 14.1171 186.833
25 2589 -97.4348 21.7061 186.833
25 2590 -100.888 29.7886 186.833
25 2591 -104.542 38.7487 186.833
25 2592 -108.288 48.63 186.833
25 2593 -110.987 58.2384 186.833
25 2594 -112.667 67.6963 186.833
25 2595 -113.705 77.3568 186.833
25 2596 -113.971 86.3454 186.833
25 2597 -113.661 95.0963 186.833
25 2598 -113.098 104.001 186.833
25 2599 -111.969 113.263 186.833
25 2600 -110.703 123.534 186.833
25 2601 -123.753 127.162 186.833
26 2674 390.171 -182.331 159.475
26 2675 382.995 -182.104 159.475
26 2676 375.37 -181.925 159.475
26 2677 367.645 -181.501 159.475
26 2678 360.068 -180.482 159.475
26 2679 352.844 -179.321 159.475
26 2680 345.594 -178.107 159.475
26 2681 337.958 -178.203 159.475
26 2682 330.296 -178.935 159.475
26 2683 322.805 -179.66 159.475
26 2684 314.663 -180.271 159.475
26 2685 306.212 -181.077 159.475
26 2686 298.02 -182.128 159.475
26 2687 290.588 -183.499 159.475
26 2688 283.308 -185.166 159.475
26 2689 275.013 -185.981 159.475
26 2690 266.866 -186.205 159.475
26 2691 259.292 -186.382 159.475
26 2692 250.97 -185.981 159.475
26 2693 241.732 -185.524 159.475
26 2694 232.408 -184.735 159.475
26 2695 223.875 -183.773 159.475
26 2696 215.458 -183.125 159.475
26 2697 207.022 -183.662 159.475
26 2698 199.162 -184.887 159.475
26 2699 191.448 -185.981 159.475
26 2700 183.18 -186.769 159.475
26 2701 175.112 -187.476 159.475
26 2702 166.847 -188.36 159.475
26 2703 159.234 -189.311 159.475
26 2704 151.153 -190.301 159.475
26 2705 143.138 -190.345 159.475
26 2706 135.804 -189.617 159.475
26 2707 128.352 -188.449 159.475
26 2708 120.105 -187.18 159.475
26 2709 111.927 -185.898 159.475
26 2710 104.261 -184.309 159.475
26 2711 97.6959 -182.527 159.475
26 2712 91.0352 -180.841 159.475
26 2713 84.0568 -179.954 159.475
26 2714 77.8675 -179.674 159.475
26 2715 71.566 -179.319 159.475
26 2716 64.9053 -178.685 159.475
26 2717 58.3627 -177.733 159.475
26 2718 51.0677 -176.464 159.475
26 2719 43.772 -174.878 159.475
26 2720 36.1661 -173.292 159.475
26 2721 28.5463 -171.072 159.475
26 2722 21.8127 -168.102 159.475
26 2723 14.9066 -164.411 159.475
26 2724 8.5625 -160.604 159.475
26 2725 2.16135 -156.741 159.475
26 2726 -4.06407 -152.155 159.475
26 2727 -9.81496 -147.312 159.475
26 2728 -14.9105 -142.653 159.475
26 2729 -20.4736 -138.4 159.475
26 2730 -26.2492 -134.245 159.475
26 2731 -31.8847 -130.002 159.475
26 2732 -37.0456 -125.825 159.475
26 2733 -42.3054 -121.109 159.475
26 2734 -48.1267 -115.658 159.475
26 2735 -54.3566 -109.783 159.475
26 2736 -60.5135 -103.892 159.475
26 2737 -66.8728 -98.1991 159.475
26 2738 -72.604 -91.298 159.475
26 2739 -76.7651 -84.4756 159.475
26 2740 -80.3361 -77.5885 159.475
26 2741 -83.7004 -70.9875 159.475
26 2742 -86.5983 -64.2387 159.475
26 2743 -88.8955 -56.6354 159.475
26 2744 -91.9045 -48.2644 159.475
26 2745 -94.7815 -39.5489 159.475
26 2746 -98.2264 -30.7503 159.475
26 2747 -102.047 -22.6426 159.475
26 2748 -105.473 -15.1604 159.475
26 2749 -108.485 -7.71253 159.475
26 2750 -111.201 -0.416861 159.475
26 2751 -114.111 6.8198 159.475
26 2752 -116.968 14.583 159.475
26 2753 -119.441 22.7389 159.475
26 2754 -120.856 30.8397 159.475
26 2755 -121.55 38.8268 159.475
26 2756 -121.637 46.212 159.475
26 2757 -121.746 53.0902 159.475
26 2758 -121.491 59.8517 159.475
26 2759 -121.305 66.9132 159.475
26 2760 -121.208 74.4684 159.475
26 2761 -121.133 82.3395 159.475
26 2762 -121.408 91.3379 159.475
26 2763 -122.258 99.8814 159.475
26 2764 -122.855 107.392 159.475
26 2765 -123.431 114.248 159.475
26 2766 -123.536 120.719 159.475
26 2767 -123.91 127.534 159.475
26 2768 -124.37 134.92 159.475
26 2769 -125.058 142.77 159.475
27 2815 390.723 -133.091 159.347
27 2816 378.769 -132.985 159.347
27 2817 367.38 -132.35 159.347
27 2818 356.641 -131.091 159.347
27 2819 344.537 -129.849 159.347
27 2820 332.706 -127.87 159.347
27 2821 320.194 -126.325 159.347
27 2822 307.871 -124.566 159.347
27 2823 296.29 -122.798 159.347
27 2824 284.883 -121.632 159.347
27 2825 274.193 -120.311 159.347
27 2826 262.539 -119.359 159.347
27 2827 250.577 -118.768 159.347
27 2828 238.638 -118.503 159.347
27 2829 227.053 -117.822 159.347
27 2830 215.805 -116.646 159.347
27 2831 204.822 -114.908 159.347
27 2832 194.351 -113.014 159.347
27 2833 183.38 -111.036 159.347
27 2834 172.542 -108.833 159.347
27 2835 161.56 -106.556 159.347
27 2836 150.892 -103.832 159.347
27 2837 140.318 -101.091 159.347
27 2838 129.575 -98.7186 159.347
27 2839 118.498 -96.5993 159.347
27 2840 107.44 -95.0846 159.347
27 2841 96.1334 -93.7902 159.347
27 2842 85.3463 -92.2286 159.347
27 2843 74.8332 -90.087 159.347
27 2844 64.7238 -86.6808 159.347
27 2845 55.4462 -82.6382 159.347
27 2846 46.6769 -78.5943 159.347
27 2847 37.8087 -73.6734 159.347
27 2848 29.2005 -68.5787 159.347
27 2849 20.9325 -62.6591 159.347
27 2850 12.6918 -56.8576 159.347
27 2851 4.58684 -51.0858 159.347
27 2852 -3.27189 -45.1345 159.347
27 2853 -11.3254 -39.3742 159.347
27 2854 -19.3517 -33.1151 159.347
27 2855 -26.8849 -26.6403 159.347
27 2856 -33.7963 -19.1045 159.347
27 2857 -39.7533 -10.5764 159.347
27 2858 -44.7617 -2.07039 159.347
27 2859 -49.1096 6.53076 159.347
27 2860 -52.4301 15.0856 159.347
27 2861 -55.5869 24.4285 159.347
27 2862 -58.6606 34.4624 159.347
27 2863 -61.6226 44.464 159.347
27 2864 -64.7915 54.2498 159.347
27 2865 -67.7205 63.4735 159.347
27 2866 -70.963 72.7847 159.347
27 2867 -74.3108 82.4594 159.347
27 2868 -77.0254 92.4299 159.347
27 2869 -79.4049 103.119 159.347
27 2870 -80.8447 113.884 159.347
27 2871 -81.6581 124.21 159.347
27 2872 -81.8567 134.132 159.347
28 2918 392.875 -129.084 156.768
28 2919 381.003 -129.563 156.768
28 2920 370.594 -129.826 156.768
28 2921 360.577 -129.773 156.768
28 2922 350.66 -128.877 156.768
28 2923 340.602 -127.343 156.768
28 2924 329.946 -125.674 156.768
28 2925 318.617 -123.987 156.768
28 2926 307.543 -122.324 156.768
28 2927 297.407 -120.887 156.768
28 2928 287.843 -119.126 156.768
28 2929 277.923 -116.379 156.768
28 2930 267.518 -114.782 156.768
28 2931 256.554 -114.113 156.768
28 2932 244.854 -114.158 156.768
28 2933 232.831 -114.605 156.768
28 2934 221.21 -114.943 156.768
28 2935 210.101 -114.476 156.768
28 2936 199.062 -113.929 156.768
28 2937 188.287 -112.415 156.768
28 2938 178.264 -110.198 156.768
28 2939 168.537 -107.663 156.768
28 2940 158.474 -104.777 156.768
28 2941 148.259 -101.842 156.768
28 2942 138.094 -98.438 156.768
28 2943 128.277 -94.5455 156.768
28 2944 117.498 -90.0623 156.768
28 2945 107.105 -86.6292 156.768
28 2946 96.3169 -84.473 156.768
28 2947 85.7417 -82.7144 156.768
28 2948 74.9295 -80.959 156.768
28 2949 64.9877 -78.9812 156.768
28 2950 55.0631 -76.4427 156.768
28 2951 45.5501 -73.2773 156.768
28 2952 35.7892 -68.668 156.768
28 2953 27.3378 -62.4224 156.768
28 2954 20.0504 -56.317 156.768
28 2955 13.5092 -50.3569 156.768
28 2956 7.14641 -43.9278 156.768
28 2957 1.01935 -36.7271 156.768
28 2958 -4.81715 -29.0766 156.768
28 2959 -11.0054 -20.3441 156.768
28 2960 -17.1777 -12.6547 156.768
28 2961 -23.8737 -5.87137 156.768
28 2962 -30.4207 0.743764 156.768
28 2963 -37.2499 8.00117 156.768
28 2964 -43.9402 15.653 156.768
28 2965 -50.3508 24.0993 156.768
28 2966 -56.9424 33.0523 156.768
28 2967 -62.438 43.0247 156.768
28 2968 -66.0246 52.7957 156.768
28 2969 -68.5179 61.6843 156.768
28 2970 -70.5741 69.9541 156.768
28 2971 -72.0345 78.8446 156.768
28 2972 -73.21 88.8521 156.768
28 2973 -73.6803 99.0596 156.768
28 2974 -74.1129 110.716 156.768
28 2975 -74.8756 122.413 156.768
28 2976 -76.2366 132.635 156.768
28 2977 -77.834 141.671 156.768
